4.999867823039813031e-01,4.999992008242633013e-01,4.999907515156312710e-01,4.995015781644789876e-01,4.937620185878697776e-01,4.993236640339702714e-01,4.938339963139948829e-01,4.999996171615703200e-01,4.999993265758675420e-01,4.981760267251528762e-01,4.999978312334940611e-01,4.994556569138510760e-01,4.999395439126843033e-01,4.939189502028152878e-01,4.999956149871581101e-01,4.784862769414755523e-01,4.971557409272523431e-01,4.999856671668648778e-01,4.937854800014216394e-01,4.998585013113808206e-01,4.981926194939638175e-01,4.999994202117953868e-01,4.939056911101221137e-01,4.939134656904617948e-01,4.999880142908993408e-01,4.999909991291665579e-01,4.938955668813494460e-01,4.994879969804676967e-01,4.982607021412245873e-01,4.995835430686675349e-01,4.995035750158666743e-01,4.999994969713959514e-01,4.996049493286786602e-01,4.999776278246299555e-01,4.935088852556327454e-01,4.967648381188276563e-01,4.999842352024572167e-01,4.999248008883305783e-01,4.801501410300677564e-01,4.999984829108585771e-01,4.999255788916450172e-01,4.986214453395685364e-01,4.988529605221330709e-01,4.996011527824872900e-01,4.801612571399276885e-01,4.999761313922125860e-01,4.787588639403607682e-01,4.999761971516628045e-01,4.999284680056058638e-01,4.999361882341777918e-01
4.993730557494400757e-01,4.998894970994924303e-01,4.995537444696284135e-01,4.974183264613563082e-01,3.959409920896426183e-01,4.898955447358664395e-01,4.004054117460476570e-01,4.999203258719117637e-01,4.998868864452877814e-01,4.979294977480587248e-01,4.998504925328540738e-01,4.941666351053211059e-01,4.981793806084592324e-01,4.014865072381439970e-01,4.997234160080458176e-01,4.759426740347240670e-01,4.697692538398808293e-01,4.992328004506466632e-01,3.992797993652706379e-01,4.935047331601787324e-01,4.989588881188473102e-01,4.998362714504834270e-01,4.012284517703528230e-01,4.013216379348710783e-01,4.988398040275739964e-01,4.995035964826960995e-01,4.010765848412504164e-01,4.929683366348106555e-01,4.996311082277585247e-01,4.995745901915135678e-01,4.986302382023072299e-01,4.998938954888673125e-01,4.963166911186190355e-01,4.992768531094979312e-01,4.013273517142090241e-01,4.665422571586252398e-01,4.993983872218383246e-01,4.973310541114416283e-01,4.759420166594824364e-01,4.997003897793062532e-01,4.976112772393299633e-01,4.686997519849445681e-01,4.891185982232311158e-01,4.960383867765842392e-01,4.759951251339728517e-01,4.993726034765743615e-01,4.424084884992324773e-01,4.994160089154935367e-01,4.972768623766439244e-01,4.979459715610282666e-01
4.965214612675934447e-01,4.990056588067842691e-01,4.969497288124213319e-01,4.901086510314038858e-01,2.113825052396262061e-01,4.699791732024252155e-01,2.292142842708465300e-01,4.992149451225387224e-01,4.984203163959307070e-01,4.872323196354615971e-01,4.987840686200191720e-01,4.886089232561141582e-01,4.915592073747040991e-01,2.310427824443057054e-01,4.980005122683403562e-01,4.920747222600870274e-01,4.433937311936777537e-01,4.952967720268861007e-01,2.266733124167785163e-01,4.571561795586944199e-01,4.936455715679401446e-01,4.953802012107449970e-01,2.308533244243442806e-01,2.306594124644121002e-01,4.908325328603885263e-01,4.930641955508689445e-01,2.298802942120927173e-01,4.798560668150552710e-01,4.980035862908315236e-01,4.986579660594315233e-01,4.987897030702819201e-01,4.989596912263408734e-01,4.932722143702279460e-01,4.939173550395092871e-01,2.312789785448192414e-01,4.392097575367649998e-01,4.968017861095374021e-01,4.874492718787290513e-01,4.882963524141854528e-01,4.971571797674400051e-01,4.886422527095858337e-01,3.907846033471661928e-01,4.803827886260621516e-01,4.852982162464231641e-01,4.920228648282716777e-01,4.965740531809602620e-01,3.609272841701416379e-01,4.971932296208123048e-01,4.830847847274407636e-01,4.903900137345026944e-01
4.937920187516648407e-01,4.974096603028125285e-01,4.930709414505836108e-01,4.853010941372239984e-01,2.158514636448538027e-01,4.661755860085952663e-01,2.707197709033618560e-01,4.978922263734020248e-01,4.944167487893317281e-01,4.331939035587638598e-01,4.970182680807736508e-01,4.931264968148999506e-01,4.854364028676968479e-01,2.723872565423221537e-01,4.952932685919647082e-01,4.558852679072797898e-01,4.722628061915060127e-01,4.907213812790697793e-01,2.670458912125411310e-01,3.908453645227625839e-01,4.403020910186306036e-01,4.776544671301276579e-01,2.735324388718571864e-01,2.719140345803329750e-01,4.785475284039204524e-01,4.719936755508268855e-01,2.687651193835209340e-01,4.777085805230177895e-01,4.580230720651613519e-01,4.967410111320422206e-01,4.969869256833753246e-01,4.972216524527814374e-01,4.950073690983636254e-01,4.753465273548980741e-01,2.728692418503077532e-01,4.722318250243894289e-01,4.941987073329526248e-01,4.806622757851226613e-01,4.718214531405485190e-01,4.925908288425169257e-01,4.812317961398822064e-01,3.746199956166542666e-01,4.872669939823164875e-01,4.551720355058667677e-01,4.948432104688541555e-01,4.926320644747728128e-01,3.066088623316015616e-01,4.947415378929870822e-01,4.584446038642295829e-01,4.843096241730788232e-01
4.962978767981690575e-01,4.974588969478746514e-01,4.939299841556238913e-01,4.917119867947121192e-01,3.460932047275337986e-01,4.862804086030763084e-01,4.637987863408701839e-01,4.979481162221165436e-01,4.926193014024028982e-01,3.329818845057539445e-01,4.971327951576957616e-01,4.974201960362963360e-01,4.889854107636740221e-01,4.622643296550825731e-01,4.956850968953408487e-01,2.366545532200750035e-01,4.945442474013519996e-01,4.934688453513071948e-01,4.623052795039245821e-01,3.627269353362705395e-01,3.306259814336371394e-01,4.627888937032643701e-01,4.664890536850921920e-01,4.621852644263371168e-01,4.816017116767867257e-01,4.570256656443719701e-01,4.504385084079533530e-01,4.909235217649547955e-01,3.548102858016288219e-01,4.965009221884918444e-01,4.953099682534122250e-01,4.973148782026443615e-01,4.961142357471989284e-01,4.640938694312747304e-01,4.617859153603636746e-01,4.950592420099700353e-01,4.961400415263214070e-01,4.906909500326762652e-01,3.032337486500873425e-01,4.930257578327418289e-01,4.884596523549658009e-01,4.612722785533993064e-01,4.917896515260737345e-01,4.285738750989017132e-01,3.342275229036927309e-01,4.932226705244258658e-01,2.374581623782622830e-01,4.958870293551526642e-01,4.525088695623052937e-01,4.904366725385297388e-01
4.997959001692084402e-01,4.993663122610557115e-01,4.986748616542291956e-01,4.920501601214455345e-01,3.424086403108972942e-01,4.918878141090846090e-01,3.971739536818675309e-01,4.995913077803939006e-01,4.969331168627483808e-01,4.132416611140314888e-01,4.991060190000634056e-01,4.924429945359863892e-01,4.953415228596323994e-01,3.962923419246722201e-01,4.989256563632368247e-01,2.041546247613716392e-01,4.617678972270150006e-01,4.992950648620297915e-01,3.969765671932888318e-01,4.205758064428117837e-01,4.088716438877021964e-01,4.790006233253700785e-01,3.976154607383662332e-01,3.960292179079930031e-01,4.972451811934693877e-01,4.769606761577954712e-01,3.851075308200583858e-01,4.944052566970389417e-01,4.268431846077994640e-01,4.934657799766440922e-01,4.976661492551041621e-01,4.994795389355515813e-01,4.947984630842954812e-01,4.877526138272675893e-01,3.909958763382090918e-01,4.575217488679176325e-01,4.993732972111925017e-01,4.993015703524717464e-01,2.241129562233603600e-01,4.987538453380164771e-01,4.973736775381124020e-01,4.781598689599819152e-01,4.856821517169068736e-01,4.549171098932792145e-01,2.408054495036643372e-01,4.978879086428152911e-01,2.009337054190400151e-01,4.988805647327554937e-01,4.775439707136929224e-01,4.976838758092002046e-01
4.972739304305897612e-01,4.995027161723035181e-01,4.982211195962639172e-01,4.852452929793161784e-01,2.246682888965736424e-01,4.737957599763943928e-01,2.261536551893810754e-01,4.996895471202483785e-01,4.996465502508472545e-01,4.795251781102652378e-01,4.991440937398404776e-01,4.909253202337082178e-01,4.925732658339539993e-01,2.279903918229166937e-01,4.988469481792083271e-01,4.855632959164699058e-01,4.534817759734992570e-01,4.967037391955876902e-01,2.236397679728879540e-01,4.895456238860387277e-01,4.882161247669034032e-01,4.993455881832474796e-01,2.273452539354875179e-01,2.274117205090156746e-01,4.951040206811938571e-01,4.981593756610095958e-01,2.247931519916727960e-01,4.826190247086526997e-01,4.891216414850807492e-01,4.931806129681707285e-01,4.993384794030085727e-01,4.995840685157311722e-01,4.956333932496869155e-01,4.951282063038009995e-01,2.253171809735586839e-01,4.502760920952962875e-01,4.975549403478215504e-01,4.889852690274927860e-01,4.903350574920576910e-01,4.987962988365153283e-01,4.904197017350581667e-01,3.913634945799273068e-01,4.865441911825069132e-01,4.944674719820141284e-01,4.952704586043522039e-01,4.979610085209525971e-01,3.908589416712879294e-01,4.980890999280352949e-01,4.888166165209927305e-01,4.918621083779812775e-01
4.939116785936534804e-01,4.976182002194296516e-01,4.935525835317290388e-01,4.860263183928794639e-01,2.955470983622922043e-01,4.688502675732583169e-01,3.118475757255931291e-01,4.980468982557218482e-01,4.954106325127735633e-01,3.376078808483486404e-01,4.972332154321231767e-01,4.954571836510021088e-01,4.868644753401066838e-01,3.140138830500300848e-01,4.956714939477194770e-01,1.626993002187550885e-01,4.844182422238771935e-01,4.910320841075897502e-01,3.077251508197498819e-01,4.663069391977347489e-01,3.453090159289637362e-01,4.839977665745577307e-01,3.149854884543951683e-01,3.134525954530985592e-01,4.796174570916464930e-01,4.789700916209842507e-01,3.113294295707693671e-01,4.794106206859568009e-01,3.545497843746776012e-01,4.968654010114487707e-01,4.971468137704565526e-01,4.974196255578131609e-01,4.963930650941545397e-01,4.668723419360848448e-01,3.146392584283477789e-01,4.854190940180757585e-01,4.944574726173962542e-01,4.810799095531006486e-01,2.209913408927080825e-01,4.930696773748736716e-01,4.821730943709851003e-01,3.831109098176069261e-01,4.911489918811769440e-01,4.683401454380054507e-01,2.276439913241079804e-01,4.933942363679661991e-01,1.707925076998138558e-01,4.951770190174452635e-01,4.651795221667121005e-01,4.851849707775868770e-01
4.958072378684586501e-01,4.973234468309919998e-01,4.935107960481215361e-01,4.873094692491024005e-01,3.764390464914368351e-01,4.841297598293061166e-01,4.635078787535682476e-01,4.978224996209867359e-01,4.925378307877147921e-01,3.630706668346648236e-01,4.969977292032099481e-01,4.975380686429562993e-01,4.883268943917517535e-01,4.623413142415206956e-01,4.954278270178281707e-01,1.804959131112257864e-01,4.965077917639889593e-01,4.927852661313288918e-01,4.614907591971169065e-01,3.954059234815375246e-01,3.615281272048513350e-01,4.635904670875515832e-01,4.665320032869123001e-01,4.622431330536915794e-01,4.801726093352434166e-01,4.575980723772015146e-01,4.516884124927606492e-01,4.896576945855167784e-01,3.870993120746583638e-01,4.929020282284490295e-01,4.963934429651068458e-01,4.971470907548897200e-01,4.963357101958577600e-01,4.664783057992100690e-01,4.588520111748427555e-01,4.975845758814808617e-01,4.957260820763672582e-01,4.891396247587961876e-01,2.128079645479550586e-01,4.925624263688425652e-01,4.871763590751304607e-01,4.530629718784204285e-01,4.924768119643048170e-01,4.304286706057487422e-01,2.333118788976314972e-01,4.928424351095415101e-01,1.774781746517667125e-01,4.955584966742195285e-01,4.518941173735410155e-01,4.893827626795182462e-01
4.989704687287294105e-01,4.988241813914620626e-01,4.974204437013896585e-01,4.880943943643993310e-01,4.000318617781141173e-01,4.969376841001701961e-01,4.979187304308694273e-01,4.991217084906032220e-01,4.956986126180171759e-01,4.669526308275312454e-01,4.985378695616156097e-01,4.988134369188202966e-01,4.942657038811263392e-01,4.958582547389405737e-01,4.980516763462866647e-01,4.592214822675530495e-01,4.976081597091544517e-01,4.978088037345644312e-01,4.979408929537839645e-01,3.916288418816299410e-01,4.627539679848913790e-01,4.743900957279835739e-01,4.985184683092354629e-01,4.956488859513657474e-01,4.928517052094666950e-01,4.713512580026878451e-01,4.821006585479231665e-01,4.981022786147352721e-01,4.862879213897452479e-01,4.894317188434292865e-01,4.982947850800618084e-01,4.988607870115832621e-01,4.983567094521621499e-01,4.902372687800051754e-01,4.860924405763177858e-01,4.976132194456903135e-01,4.986483004662005114e-01,4.978287676021093122e-01,4.385830241309656707e-01,4.971165261164938731e-01,4.957320073753928025e-01,4.912445122232527162e-01,4.968641826032730302e-01,4.502938167787083890e-01,4.749155965891074249e-01,4.968186563513093401e-01,3.813499815458726294e-01,4.982951965449897158e-01,4.712247662651467550e-01,4.964265496794929011e-01
4.999390752540532890e-01,4.998120657221281071e-01,4.996570449219736587e-01,4.950410008488418390e-01,4.567769939705718651e-01,4.998328676282828842e-01,4.993220680975948844e-01,4.998982334613403800e-01,4.991435955398850211e-01,4.934819540088523637e-01,4.996554367799294072e-01,4.998302402850999804e-01,4.986223832707148973e-01,4.988592829796145156e-01,4.997053688539470073e-01,4.980910173724464873e-01,4.995281865318321746e-01,4.998133634945107207e-01,4.993365576083833579e-01,4.524813445401220657e-01,4.937145304746089480e-01,4.937833179000728490e-01,4.993073378212937175e-01,4.986091443661667122e-01,4.992953423212169728e-01,4.932357613516788475e-01,4.926868514364298179e-01,4.997880168697580450e-01,4.997668802679878230e-01,4.952463626151477061e-01,4.991993501762650443e-01,4.998706951234228590e-01,4.996800116268804159e-01,4.994433838319755625e-01,4.940450001156634907e-01,4.992724286699796732e-01,4.998514366429138711e-01,4.998755072744477390e-01,4.871009031977016068e-01,4.996902124778852539e-01,4.993223713565259070e-01,4.982699927174032428e-01,4.994027861816535130e-01,4.875454153904895671e-01,4.994578149043356619e-01,4.995290390203054320e-01,4.571209437353049299e-01,4.997991364632328182e-01,4.934315992709955023e-01,4.994491423729691126e-01
4.999996905527834268e-01,4.999933118668929977e-01,4.999921721881834258e-01,4.996384801252178320e-01,4.943132177899264845e-01,4.997629935179649374e-01,4.987724870974586944e-01,4.999992221692197703e-01,4.999749040602846084e-01,4.992532064001576897e-01,4.999737401791439773e-01,4.997629928124166510e-01,4.999289595442598655e-01,4.987992482042891695e-01,4.999933072884694685e-01,4.981123668858702946e-01,4.987535727963655630e-01,4.999988758357093444e-01,4.987722457988431057e-01,4.949984645586456011e-01,4.995471254686146834e-01,4.997656803871108333e-01,4.988074239802370857e-01,4.987669291789283976e-01,4.999961617977693451e-01,4.997528774351531755e-01,4.982378910721732002e-01,4.997812232705048929e-01,4.998164473241291650e-01,4.996477209206807157e-01,4.996690175359216335e-01,4.999990986750225130e-01,4.997790066656297436e-01,4.999934151027745632e-01,4.984390492192967703e-01,4.985146178578374054e-01,4.999975008224312178e-01,4.999985502025243167e-01,4.975496749188226819e-01,4.999982746417929169e-01,4.999668713990015334e-01,4.998468726562435016e-01,4.993845278587528136e-01,4.993118469416673033e-01,4.983505071319470070e-01,4.999893256823976784e-01,4.938037496329287790e-01,4.999960903938398538e-01,4.997577335419584044e-01,4.999833359683480971e-01
4.999969431018432275e-01,4.999996605858705867e-01,4.999970455891538657e-01,4.999609428852179738e-01,4.971216076330317590e-01,4.997380112284873777e-01,4.975540199355491522e-01,4.999999540151915389e-01,4.999994218803923696e-01,4.987774435202692036e-01,4.999976318990540514e-01,4.997767141163887428e-01,4.999782215659928641e-01,4.975855765248530238e-01,4.999990488077215578e-01,4.941965875141410836e-01,4.988310590392859289e-01,4.999968052108549332e-01,4.975390567625747607e-01,4.995215407950349684e-01,4.988146296594019313e-01,4.999983999681127389e-01,4.975815926367593289e-01,4.975819770606839110e-01,4.999981998220052737e-01,4.999957301154296374e-01,4.975443561706118789e-01,4.998055357085916528e-01,4.988438771981856257e-01,4.999881474963769334e-01,4.998318572201433940e-01,4.999999497404367110e-01,4.998421312873128630e-01,4.999745640980204353e-01,4.975731249515247812e-01,4.986717787374768118e-01,4.999954393671691144e-01,4.999789864142754614e-01,4.953350848217880631e-01,4.999999078679810971e-01,4.999743250047388732e-01,4.995095781093408238e-01,4.995396830317057058e-01,4.998378306281816563e-01,4.953760093285686783e-01,4.999911052478415718e-01,4.944626158896201495e-01,4.999911449012265363e-01,4.999785885709358557e-01,4.999805449809328617e-01
4.996169200662430310e-01,4.999563602921558436e-01,4.997586964081472405e-01,4.983668923515950366e-01,4.204244513436851127e-01,4.927203822533524624e-01,4.207883871193816572e-01,4.999724126061158569e-01,4.999674849524862741e-01,4.594696742963965130e-01,4.999338999569976627e-01,4.956924781853634387e-01,4.987271740111967611e-01,4.215736844409825324e-01,4.998547063497938980e-01,3.761397220911514849e-01,4.774618723755763017e-01,4.995599359021046793e-01,4.199162615645329888e-01,4.990783451136693860e-01,4.598439273702085717e-01,4.999705177312350757e-01,4.213389150446058551e-01,4.214541779017412226e-01,4.994750412289182817e-01,4.997791993621542583e-01,4.212798723902101417e-01,4.950418566855986358e-01,4.602446744279268254e-01,4.999432150190911694e-01,4.974271535627822760e-01,4.999632280673428353e-01,4.974708230480441862e-01,4.965866888468681850e-01,4.216027980630353000e-01,4.751561457365325314e-01,4.996162805750677394e-01,4.981975209599610599e-01,4.085242516652188294e-01,4.998925045017583724e-01,4.983792974891081973e-01,4.761623540843268332e-01,4.924143154577624859e-01,4.973852917285152553e-01,4.085238951652221395e-01,4.995988101822657068e-01,3.894345265199609107e-01,4.996084270559865703e-01,4.982604355822015663e-01,4.985923458184531309e-01
4.972526622896269455e-01,4.993744950333257604e-01,4.979211969429832019e-01,4.919339697095822528e-01,2.690190630896676094e-01,4.761847041789543655e-01,2.689331392458704229e-01,4.995276422340962363e-01,4.992730638254092024e-01,4.183280153278779445e-01,4.991923038088676989e-01,4.920874714582486043e-01,4.932898012914305741e-01,2.708174165661043631e-01,4.986433267649713064e-01,3.659474205831443339e-01,4.600856330588804499e-01,4.964721185829147343e-01,2.663015936828904695e-01,4.971528269383284071e-01,4.231814393068147329e-01,4.987174666727626215e-01,2.703476599374443623e-01,2.703705626433876019e-01,4.938429876896935911e-01,4.972437025306897240e-01,2.696918792995804393e-01,4.841691505212759039e-01,4.241851011541773464e-01,4.991870352085341911e-01,4.952866939816844005e-01,4.993713223688353020e-01,4.958760352994727727e-01,4.789996401896308709e-01,2.710637066517220251e-01,4.575034048692004918e-01,4.975239786485869953e-01,4.895790731861840994e-01,4.293259100963753849e-01,4.982458039173836561e-01,4.909040265617284904e-01,4.051931558473155781e-01,4.875827901854473123e-01,4.938596761833513038e-01,4.298946084581747873e-01,4.976806100905153407e-01,3.533424191722421281e-01,4.979725245537123812e-01,4.886286929618466335e-01,4.922463077231878370e-01
4.941692986626811113e-01,4.978581503197707092e-01,4.941323846964884026e-01,4.843326248807777734e-01,3.058670052273955720e-01,4.697337654899438886e-01,3.065190608767432434e-01,4.982538431136517842e-01,4.962186389141647891e-01,4.621330594742347198e-01,4.974717949278476548e-01,4.957982589326711542e-01,4.877960270838878620e-01,3.088888896804673490e-01,4.960829018928291645e-01,4.655322123511608234e-01,4.845302351868607804e-01,4.915623204988142092e-01,3.024912403257390414e-01,4.915231960169950121e-01,4.740281547242212734e-01,4.880905279862919888e-01,3.094998873045881060e-01,3.082700280592562403e-01,4.812954682145069163e-01,4.836634020044926485e-01,3.065491458758828891e-01,4.799405930473304438e-01,4.829720757488345506e-01,4.947835189561838320e-01,4.963983417913910845e-01,4.976892662614033069e-01,4.967327434489176574e-01,4.678541421975196957e-01,3.080457517223887387e-01,4.854234700270133596e-01,4.947782517834587446e-01,4.816459984700770525e-01,4.684023898577243106e-01,4.937563188703458228e-01,4.830859124214207934e-01,3.850807109239267612e-01,4.917715669968466541e-01,4.761989597084342885e-01,4.781541274800479857e-01,4.941080856420980716e-01,3.785522303180374748e-01,4.956007376684682941e-01,4.698716483654692966e-01,4.859492729254606402e-01
4.956559733628254638e-01,4.972559995267941124e-01,4.932860243453698890e-01,4.813170029726829835e-01,4.656871130650043211e-01,4.837969609949786531e-01,4.645750390348400427e-01,4.976925139831290257e-01,4.928736435365335677e-01,4.450211326118383992e-01,4.970173910808092788e-01,4.966544599952326111e-01,4.896694687489765441e-01,4.636587677009598729e-01,4.953773292633866787e-01,4.511215020551326282e-01,4.915060868140455064e-01,4.924453357439801948e-01,4.630265256420353914e-01,4.919490093799920860e-01,4.452587401484832674e-01,4.684083038228338269e-01,4.680110526866680387e-01,4.638999993243557718e-01,4.788929415356353858e-01,4.624572665523557502e-01,4.582905735598151731e-01,4.894880042147276566e-01,4.717769900751692114e-01,4.861991117676252028e-01,4.969736758491513640e-01,4.969703884758590040e-01,4.953873028494107933e-01,4.872758027853160701e-01,4.543814904248543729e-01,4.919481006572355430e-01,4.956650391788116616e-01,4.893216863336026790e-01,4.448743537770186718e-01,4.920672919811373003e-01,4.875287019308089942e-01,4.617537965593664917e-01,4.897356664278312843e-01,4.388590772200640644e-01,4.769271776843699295e-01,4.927715486583539861e-01,4.546084172009584035e-01,4.954377885330177311e-01,4.567918988469076846e-01,4.898562444443078645e-01
4.994729619911059681e-01,4.988615095058028803e-01,4.974418344454461516e-01,4.862995566175208340e-01,3.886017547190754318e-01,4.926630330339482611e-01,3.928367229607555577e-01,4.991135342660701912e-01,4.949503030009547722e-01,4.578108144013488534e-01,4.987958266753784176e-01,4.930003953375724501e-01,4.938803670984758254e-01,3.906949895393230787e-01,4.980330139624727925e-01,4.129285313949117020e-01,4.666951191460617099e-01,4.983552624548472920e-01,3.929167092261632299e-01,4.857826025582003826e-01,4.453079697468531051e-01,4.691213870822610321e-01,3.931996717740592340e-01,3.909371718615042846e-01,4.936007126140724011e-01,4.656619812341586395e-01,3.821319962378265656e-01,4.955385380255058481e-01,4.736809593466839163e-01,4.879301668870920650e-01,4.949795459002637732e-01,4.988592320061445706e-01,4.953382508895995961e-01,4.938881605574426126e-01,3.815384435727184886e-01,4.640063421196842230e-01,4.988197211479092896e-01,4.989576320449060076e-01,4.032131767254299448e-01,4.971932471633224160e-01,4.960799373876310647e-01,4.776108791972175083e-01,4.878250771166637301e-01,4.377590030510286612e-01,4.394202755352225598e-01,4.962496989625402866e-01,4.227088641789380485e-01,4.979628009277926037e-01,4.668208626468335343e-01,4.964977402454938127e-01
4.980355421336790100e-01,4.997226665355702369e-01,4.989406125633386591e-01,4.914281331500364169e-01,2.531503656148536563e-01,4.807706241173753670e-01,2.663766010487513269e-01,4.999406296452577614e-01,4.993133640555377228e-01,4.859583111243695464e-01,4.993893999923716409e-01,4.952463306136983268e-01,4.924564974831527886e-01,2.678546647911098089e-01,4.991711587101630432e-01,2.960146481784950434e-01,4.751900617987102060e-01,4.978537097256700017e-01,2.636577775802104728e-01,4.663012634145686786e-01,4.888850215349108685e-01,4.933111836894016888e-01,2.671199976869440551e-01,2.670933863448066159e-01,4.979686789755823351e-01,4.922723489672151675e-01,2.616285719564314105e-01,4.870496011684298798e-01,4.957311574391270459e-01,4.986049811886698047e-01,4.941305713511188191e-01,4.999237487735961882e-01,4.984693572819826057e-01,4.775978549860193101e-01,2.671301461115530573e-01,4.740113373310773648e-01,4.981570986849089833e-01,4.909785071652845168e-01,2.894894668624913292e-01,4.997560099118911747e-01,4.920349527012142787e-01,4.009276405797107534e-01,4.949275783478302437e-01,4.848817671151066655e-01,2.992710272552719930e-01,4.985658926731427187e-01,2.319186917359931377e-01,4.987168144622782240e-01,4.847528381693234079e-01,4.929400841773372011e-01
4.943653537660365749e-01,4.981447005875236922e-01,4.948845231901116692e-01,4.842335371430770419e-01,3.446222498602502515e-01,4.724748568895908440e-01,3.657596445188027734e-01,4.985199821826462041e-01,4.975109761198581171e-01,4.384019516227070090e-01,4.976467839972820162e-01,4.979947418313747654e-01,4.892712666326405335e-01,3.691570094569308069e-01,4.966262361581118556e-01,4.409568087777485101e-01,4.957892617113095479e-01,4.920919069275722646e-01,3.611062839766482901e-01,4.626761108223124142e-01,4.547907316873966432e-01,4.949876014202863606e-01,3.692658004981641540e-01,3.681566867350343220e-01,4.831979451488780941e-01,4.915267771272984199e-01,3.654705484172675045e-01,4.813101247505313651e-01,4.572552223233180557e-01,4.938566762501533369e-01,4.955541835317907040e-01,4.980326403099585297e-01,4.976111903373150458e-01,4.806761795808022764e-01,3.673142581931235218e-01,4.969144300338202425e-01,4.951817883045042668e-01,4.822478987715335119e-01,4.735071073371803774e-01,4.946021651818625631e-01,4.843504817477874980e-01,3.971761036266435174e-01,4.942780845377388044e-01,4.900488703338275465e-01,4.778488582297478748e-01,4.952753583354074229e-01,3.667557497352129103e-01,4.963151020563708604e-01,4.774379075014990592e-01,4.871200165864733589e-01
4.954024765101768812e-01,4.972245953540960772e-01,4.931550400870871043e-01,4.782933341857880105e-01,4.716872929412019300e-01,4.829283232320944474e-01,4.812514414929001116e-01,4.976535181387009010e-01,4.931448959902318130e-01,4.617313578990673850e-01,4.969660891677671333e-01,4.968766022131523852e-01,4.897729311191353352e-01,4.806857493681724325e-01,4.953370573817763023e-01,2.629361909955743037e-01,4.936275896008854303e-01,4.921198306664090749e-01,4.794394890718786106e-01,4.815173944716495402e-01,4.644924372755996900e-01,4.710528917692113904e-01,4.850346364672931676e-01,4.809068710523239920e-01,4.782703656943445014e-01,4.651514873405844797e-01,4.762065686677152687e-01,4.890655282629227663e-01,4.892949227292774927e-01,4.834076295522339306e-01,4.968900873725557443e-01,4.969153209873876098e-01,4.956385251949190218e-01,4.918743021528579895e-01,4.686029089418906057e-01,4.944119862472791116e-01,4.954976622223386529e-01,4.885969342201869625e-01,2.517337051418486182e-01,4.918940740294378555e-01,4.870685250798640897e-01,4.607066825344939831e-01,4.904157506583150528e-01,4.441009507141150392e-01,2.675840060130108555e-01,4.927486467434035178e-01,2.486852700841692965e-01,4.953448175518672114e-01,4.587809579339859889e-01,4.895500775040008135e-01
4.985957759796240119e-01,4.984050006230059671e-01,4.963752458386112565e-01,4.872286836614774796e-01,4.923597299972128916e-01,4.961039656498228978e-01,4.947419042437844472e-01,4.987207900883247613e-01,4.942463588858889700e-01,4.319625631260474719e-01,4.982633741168899233e-01,4.982619497985251722e-01,4.931805081384324496e-01,4.917826168658450126e-01,4.973207770014262397e-01,2.047137178170799765e-01,4.962812231061797807e-01,4.969065242636105384e-01,4.949708716294208832e-01,4.876940505136436177e-01,4.234149959870489588e-01,4.677788138262428674e-01,4.955598588893551648e-01,4.920657878587308964e-01,4.896507687745892956e-01,4.636623505388735578e-01,4.811187488049147309e-01,4.977255199974871536e-01,4.506090227478102839e-01,4.888396573815939061e-01,4.979822525486546358e-01,4.983381190556543383e-01,4.977629512483723873e-01,4.962619914721239089e-01,4.820259011375017666e-01,4.966771392577217226e-01,4.981332664900606222e-01,4.972434286387794611e-01,2.094027204362553518e-01,4.957857712636037362e-01,4.945136976677056428e-01,4.905114707375523575e-01,4.956567710666696658e-01,4.380836196087441459e-01,2.284251133566529979e-01,4.955028734139555469e-01,2.277587706846332938e-01,4.975201435722857446e-01,4.637142493887022043e-01,4.953658418629628413e-01
4.998674414250560694e-01,4.996237097803475358e-01,4.992705437795164070e-01,4.974268711672228394e-01,4.850810302237977822e-01,4.994754972239707214e-01,4.982238811658575295e-01,4.997690140604482134e-01,4.981821175220586539e-01,4.172688651673270299e-01,4.994579534448465585e-01,4.994643140908439083e-01,4.973882049878204370e-01,4.972337784396481108e-01,4.993641208602774828e-01,3.911962993728945737e-01,4.981344191805202604e-01,4.995824599570850011e-01,4.982505329011813200e-01,4.795001664544299991e-01,4.148177129843239608e-01,4.872812502942268087e-01,4.982216727917102572e-01,4.969656184873116889e-01,4.984087452242520477e-01,4.861056528939726729e-01,4.883028392026527165e-01,4.992913581741813545e-01,4.253591548681430745e-01,4.978668107488935513e-01,4.992642617318752696e-01,4.997062345407236039e-01,4.990707491073791968e-01,4.993306036933567449e-01,4.949961521757485494e-01,4.975519263501994582e-01,4.996754740181690857e-01,4.997271359620600317e-01,4.420096208022305517e-01,4.992956672447144695e-01,4.987142391082828863e-01,4.965373211029499578e-01,4.980381158035881439e-01,4.744761265836850428e-01,4.619199792309983676e-01,4.989616735335510866e-01,4.500485164940506433e-01,4.995436933786137623e-01,4.865349532761383822e-01,4.988389490998493825e-01
4.999975365286364326e-01,4.999697249432734081e-01,4.999616140424147370e-01,4.999135108983643327e-01,4.858282502175498840e-01,4.991990018081363112e-01,4.958950234031092030e-01,4.999941661368402235e-01,4.998619666621388347e-01,4.831413864022094939e-01,4.999112026068760484e-01,4.991945424872772930e-01,4.996890824001458675e-01,4.959539038375377906e-01,4.999613601272511199e-01,4.846851858992806128e-01,4.957800006625381339e-01,4.999911446562994577e-01,4.958943918422762387e-01,4.879978863696201041e-01,4.837495348609170964e-01,4.987677585176037987e-01,4.960045294798868798e-01,4.958431661530023349e-01,4.999693131212292752e-01,4.986931086223385656e-01,4.939613505274345617e-01,4.992864181969693949e-01,4.850503065781771039e-01,4.999562032877372109e-01,4.998692434503502202e-01,4.999930739258546253e-01,4.992688419257637067e-01,4.991681684559526322e-01,4.958674675372010676e-01,4.950114933125166483e-01,4.999862682663574476e-01,4.999911843672293910e-01,4.966912797689779779e-01,4.999859056000520718e-01,4.998752062047013278e-01,4.994441625869434631e-01,4.979724044410098749e-01,4.968214489692974745e-01,4.999508345555078725e-01,4.999424488744124706e-01,4.895338183712610869e-01,4.999812636368122232e-01,4.987226437689424308e-01,4.999120981928205643e-01
4.999999180980457258e-01,4.999999495953047490e-01,4.999998336809128863e-01,4.999988677530620707e-01,4.998586616503905011e-01,4.999898371585779211e-01,4.999145895767677650e-01,4.999999894192403427e-01,4.999991912569953789e-01,4.999800168326941074e-01,4.999997545159838297e-01,4.999911781022691182e-01,4.999975376533097871e-01,4.999160267598564134e-01,4.999999570621444511e-01,4.999577836357527727e-01,4.999546315075005798e-01,4.999999141748034392e-01,4.999140394861890657e-01,4.999386995921230592e-01,4.999845527418906310e-01,4.999993747612727635e-01,4.999158840649626234e-01,4.999144525244007542e-01,4.999998722650438321e-01,4.999991332920259435e-01,4.999110655066703046e-01,4.999927802577012192e-01,4.999862628123837860e-01,4.999998868707686839e-01,4.999985716672659675e-01,4.999999893328693212e-01,4.999940776104494500e-01,4.999851490229095252e-01,4.999128833723849308e-01,4.999484803178945724e-01,4.999997326162629041e-01,4.999993397517814575e-01,4.999848068290873582e-01,4.999999882281708219e-01,4.999962767997490065e-01,4.999821420905326552e-01,4.999820014679471902e-01,4.999918238025852224e-01,4.999946827990242593e-01,4.999995172494375861e-01,4.999175490763337892e-01,4.999996381637897835e-01,4.999986761192753426e-01,4.999993022097194983e-01
4.997885949418791607e-01,4.999851059577608559e-01,4.998714747729441910e-01,4.988655757210374020e-01,4.256081267453233896e-01,4.954724835950650719e-01,4.446054937348287162e-01,4.999926510687266457e-01,4.999894358643087733e-01,4.993877926701409398e-01,4.999623798279740350e-01,4.973385419003107377e-01,4.991743368790087509e-01,4.450809403170412626e-01,4.999279760241595039e-01,4.713373928144812264e-01,4.859800942710001403e-01,4.997685896134418937e-01,4.439975778752339730e-01,4.782451052170147432e-01,4.996867214538674995e-01,4.999892848840695736e-01,4.449119991169104837e-01,4.450002491279419492e-01,4.997898109038529935e-01,4.998762596861496821e-01,4.447238495949675796e-01,4.970075774417351266e-01,4.999416662916612020e-01,4.999045369676543560e-01,4.989925912743347070e-01,4.999903281344723616e-01,4.985923732842392764e-01,4.947102861009006758e-01,4.450194566051435818e-01,4.846463556307244458e-01,4.997721691564240287e-01,4.988975316713171182e-01,4.712146742978802760e-01,4.999707320687368783e-01,4.989712576852893822e-01,4.836904226428083708e-01,4.956938993576026631e-01,4.985332477617898661e-01,4.714094488092354651e-01,4.997483199440254098e-01,4.370950649838494240e-01,4.997493747454911928e-01,4.989495204786792426e-01,4.991164876762976821e-01
4.979221193753426422e-01,4.996387885966816489e-01,4.986535684294833848e-01,4.911263919294224234e-01,2.831668100512775288e-01,4.821484701429561981e-01,3.143173407134257080e-01,4.997473425819350945e-01,4.996903613942801914e-01,4.946083473505609174e-01,4.995107489980826765e-01,4.951590343534444383e-01,4.946752517590528031e-01,3.160762712544493702e-01,4.991008559892324281e-01,3.091378178016421785e-01,4.752564028568213583e-01,4.974679577823643006e-01,3.117066754508193704e-01,4.487872815529585502e-01,4.981991710065806767e-01,4.997084549195617842e-01,3.154403188214568998e-01,3.156114444417618681e-01,4.961656189735339506e-01,4.987686285218843052e-01,3.150150201672726191e-01,4.880918260531855735e-01,4.984499426398488753e-01,4.970493274818481022e-01,4.946717148562294053e-01,4.996626425759618240e-01,4.978659657151514595e-01,4.889778950608973385e-01,3.146895783430759819e-01,4.740164090290929777e-01,4.981440836675737338e-01,4.916709225817535445e-01,3.095156011260880580e-01,4.990344475922260936e-01,4.929260490192044486e-01,4.209419729345910688e-01,4.932850986528325432e-01,4.974205177024156876e-01,3.094617371250572013e-01,4.984775061437628496e-01,2.373343212127878576e-01,4.985950233077602878e-01,4.917312761926414533e-01,4.938863333412441547e-01
4.947256662051156550e-01,4.983283010866152440e-01,4.953323657489424048e-01,4.780640701443193419e-01,3.222644936208624022e-01,4.731741608803937127e-01,3.434596946544072327e-01,4.986720328481016873e-01,4.977396262403262495e-01,4.342149372434276899e-01,4.979396350545096661e-01,4.976194618758298938e-01,4.897675359258706895e-01,3.465473442773201462e-01,4.968957466023929959e-01,3.299952558984804440e-01,4.924140148567284769e-01,4.926718147603011966e-01,3.391739039406094225e-01,4.626874195275332835e-01,4.473723019703224613e-01,4.952219004979535044e-01,3.465188653400646523e-01,3.456722978943002622e-01,4.847178104060261283e-01,4.920359755043403061e-01,3.441171918197309387e-01,4.819795340036456266e-01,4.498198798745242644e-01,4.873024493225778797e-01,4.904996070927684637e-01,4.982347584550115838e-01,4.978111958308429341e-01,4.921618688760560079e-01,3.399878748557936259e-01,4.935002747814363211e-01,4.954889500269073488e-01,4.830979232685963520e-01,3.615477495464680113e-01,4.951484578643405854e-01,4.852483216872147676e-01,3.971922939291966381e-01,4.945187265277145583e-01,4.904129135556211661e-01,3.638481740479548865e-01,4.956437017243928711e-01,2.777643955948617682e-01,4.965781186656376689e-01,4.785511757868274874e-01,4.877252518828793515e-01
4.952086087712606610e-01,4.972563865952195905e-01,4.931895294349881720e-01,4.791816380919708407e-01,4.650984273637656652e-01,4.819975054605610820e-01,4.657327219588761613e-01,4.976527617366934275e-01,4.940774425009181181e-01,3.233582304637349081e-01,4.969297655743590836e-01,4.962668612044140448e-01,4.910592043402090545e-01,4.659617198339587874e-01,4.955000372258643315e-01,3.214018863205590493e-01,4.896288882139588905e-01,4.918918692693787231e-01,4.641471934123904131e-01,4.911602214578268399e-01,3.301231588139326711e-01,4.786608406754758738e-01,4.698122388322709675e-01,4.661377615544070041e-01,4.777872029090590167e-01,4.731909605417135012e-01,4.636432743982132343e-01,4.888248920532611841e-01,3.422770419837447564e-01,4.839483959630467291e-01,4.930070853134382314e-01,4.969047226718807386e-01,4.953797618979795536e-01,4.896122655381793254e-01,4.551490479003088563e-01,4.900687884929929572e-01,4.954842906056791674e-01,4.883785542308912708e-01,4.476981517149271617e-01,4.918000783144321209e-01,4.872898943214163947e-01,4.638291913126302290e-01,4.893638428057309198e-01,4.583244590275645791e-01,4.659836924635266109e-01,4.930777867972724327e-01,4.423112206136928792e-01,4.954064892330876102e-01,4.662006439058848928e-01,4.899982928817750438e-01
4.989929471992543553e-01,4.983733433006179436e-01,4.961252633461788464e-01,4.939135477801288032e-01,3.739457090793586458e-01,4.938881600272811423e-01,3.959427077040387211e-01,4.985842869548396949e-01,4.937010376548660040e-01,4.055000539122208258e-01,4.984365392849631760e-01,4.944487638205578572e-01,4.935719438579712626e-01,3.927946604471844183e-01,4.972406038792752669e-01,3.443955941556536837e-01,4.765441665555847361e-01,4.971700146058353753e-01,3.963248548063490473e-01,4.684470466241588138e-01,3.927926484092339465e-01,4.664424407253778271e-01,3.963611091186672875e-01,3.936786201849262201e-01,4.892738581217821459e-01,4.618617121467368247e-01,3.892448424620170710e-01,4.968573533428483069e-01,4.192031335503552114e-01,4.956657614791427080e-01,4.981000254466172450e-01,4.981642303092876367e-01,4.963078267370681917e-01,4.920529519095324100e-01,3.904315312120621995e-01,4.758348706409058493e-01,4.981876681218330716e-01,4.983330475326442910e-01,3.819784037153460265e-01,4.953978978370678354e-01,4.946915446533387550e-01,4.783904836069713951e-01,4.911224184728937292e-01,4.346539743185605653e-01,4.129317292044863419e-01,4.947151914094157221e-01,3.807901117644283406e-01,4.969608062907232005e-01,4.632017826083847378e-01,4.955683824605714438e-01
4.986273899276024713e-01,4.997360815840689030e-01,4.990742914386652185e-01,4.912693478801312685e-01,2.663546916851458057e-01,4.866311492901441715e-01,3.149124027750451749e-01,4.999464966193616910e-01,4.979413202609354050e-01,4.850018216089246881e-01,4.996518760160106321e-01,4.984208172525455005e-01,4.918187530149098485e-01,3.154996429665800628e-01,4.990332834925845229e-01,4.859586439382128087e-01,4.922299222409113884e-01,4.985239404720895329e-01,3.120181196951064551e-01,4.175174783757296115e-01,4.746355198730037306e-01,4.826536630973223274e-01,3.151634673630037686e-01,3.148692994424854286e-01,4.990374580559828743e-01,4.809495089757896968e-01,3.087318502904357609e-01,4.899387509421673781e-01,4.916510583700937631e-01,4.977817028257590093e-01,4.960612571351890043e-01,4.999469094637356004e-01,4.995750685757739395e-01,4.980980660811299421e-01,3.136962309489564893e-01,4.922971632196305736e-01,4.984665458411656203e-01,4.926775308244574214e-01,4.715052060230233710e-01,4.999317622163405583e-01,4.930424611989400185e-01,4.108320998912430300e-01,4.988969487323157148e-01,4.652366189392159734e-01,4.980627830032640091e-01,4.983340620545033128e-01,3.534169863938728673e-01,4.988907134404036436e-01,4.755230760113975386e-01,4.933637642657283662e-01
4.949802039961402889e-01,4.986633235868180858e-01,4.963293269650381756e-01,4.781279641176230388e-01,3.549435753263451288e-01,4.747856206957721814e-01,4.170910463097391996e-01,4.990506840088496654e-01,4.989085775431104652e-01,3.528248531644954666e-01,4.981216674337175521e-01,4.985592647225933760e-01,4.906541821387968572e-01,4.218017841602654805e-01,4.974936193159079645e-01,2.846523173750503122e-01,4.967359471671776716e-01,4.934092569646189030e-01,4.120213249201735151e-01,4.156339639356144144e-01,3.665863183728887420e-01,4.989443471936934049e-01,4.209180544174928595e-01,4.201249224937855242e-01,4.875307993372802184e-01,4.968523111717114693e-01,4.144136193547008906e-01,4.821490993416771009e-01,3.664387506402961292e-01,4.865186693650321303e-01,4.900369540071245478e-01,4.987283295992570031e-01,4.973469245248031134e-01,4.890112399089500128e-01,4.126901442156786226e-01,4.964995807938819006e-01,4.960068403285565197e-01,4.837606911751527461e-01,3.819424620704438000e-01,4.963917008135952935e-01,4.867374027294927852e-01,4.119700623444013110e-01,4.933037037193156449e-01,4.965052119568147404e-01,3.856936737240150292e-01,4.971005725248139329e-01,2.760257658792131252e-01,4.975682088054875774e-01,4.831299744194864632e-01,4.888941066850354122e-01
4.951668803980802669e-01,4.973006504739652667e-01,4.933028203878930262e-01,4.825348898603071812e-01,4.587045233655422383e-01,4.816574641081553532e-01,4.904546575640185146e-01,4.976892052020439605e-01,4.946791864684554896e-01,3.783488004612226008e-01,4.969140360840033077e-01,4.958211040448343154e-01,4.918439250482907199e-01,4.911890872522809981e-01,4.956541208196855175e-01,3.787102225254985188e-01,4.875579046555053031e-01,4.918804998002411777e-01,4.889673982437781619e-01,4.594568566110138197e-01,3.897870894439515177e-01,4.828580783457198100e-01,4.949680828971536051e-01,4.912743910068969044e-01,4.778270701377224650e-01,4.777297891881348568e-01,4.889228761971675663e-01,4.888643127648742981e-01,4.007208199626315914e-01,4.870212596368827529e-01,4.901699529023660906e-01,4.969469389268299508e-01,4.952248503764143939e-01,4.888760744977296846e-01,4.830050179579033487e-01,4.876965654319894150e-01,4.955471836583192347e-01,4.884725914802625080e-01,4.540990164001188489e-01,4.918705985897132704e-01,4.876168247933020949e-01,4.698354384180915000e-01,4.887389205252358204e-01,4.661845289977964990e-01,4.682598194276763048e-01,4.933709896036514442e-01,4.205068504277201247e-01,4.955151220843476145e-01,4.705156999507268956e-01,4.904171013935571533e-01
4.981965019729822641e-01,4.980333412193229115e-01,4.953502206546812059e-01,4.941695309577069928e-01,4.817945499788653385e-01,4.954213006715235679e-01,4.874607910348593975e-01,4.983083049811102283e-01,4.934191212523654779e-01,4.701702028338449191e-01,4.980013805480884570e-01,4.978758713819791959e-01,4.931250025682634153e-01,4.839055621410593422e-01,4.967313821162936405e-01,3.249439428019410547e-01,4.956687729737057069e-01,4.959544340759627357e-01,4.879651483400135326e-01,4.884456371846759848e-01,4.601540082334053539e-01,4.668887708414073412e-01,4.885660221075513454e-01,4.848243265495204568e-01,4.862358741017136499e-01,4.619611996393781506e-01,4.789651116081616866e-01,4.974216334215695867e-01,4.899263047950605521e-01,4.959063414282758320e-01,4.953624573529095132e-01,4.977950733256437110e-01,4.972828300459302131e-01,4.951660961874032596e-01,4.819575848943735696e-01,4.964921271184693508e-01,4.976304291979445904e-01,4.966962990335699879e-01,3.081090663970889598e-01,4.943752751650963839e-01,4.934331911987314689e-01,4.905876378064054077e-01,4.946206525904923157e-01,4.368069230962863814e-01,3.326193178443580534e-01,4.943217944401334663e-01,3.297119224056110354e-01,4.967120623408299851e-01,4.620692695204381972e-01,4.946705884811279375e-01
4.997497403810467476e-01,4.993790958952531445e-01,4.986953624476641034e-01,4.987415982849627283e-01,4.955184597292681126e-01,4.986144483114469672e-01,4.961113273030712811e-01,4.995558961443253843e-01,4.968903360927233726e-01,4.879652369259051548e-01,4.993180117500174986e-01,4.986060909459139046e-01,4.960847210102141136e-01,4.943995837568769813e-01,4.988754664056678223e-01,2.869159975370844662e-01,4.945368251136564308e-01,4.992004089365352781e-01,4.961544322379780048e-01,4.925656430897893401e-01,4.786842701002471112e-01,4.795336122752754671e-01,4.961914435891436881e-01,4.943857506904842380e-01,4.969300997088952898e-01,4.774779943848506125e-01,4.857251113381378382e-01,4.981871482360256120e-01,4.985435200989735693e-01,4.994981116426503442e-01,4.988034990787300060e-01,4.994336361146549108e-01,4.978352457769350536e-01,4.900517908963593627e-01,4.938276537714859082e-01,4.932993090718419960e-01,4.994033238793531559e-01,4.994881307432543771e-01,2.728168889947287234e-01,4.986355569428921886e-01,4.979347978317503198e-01,4.944155942624989808e-01,4.950240987195526077e-01,4.587958004264667822e-01,2.896057074683467958e-01,4.981032791586658126e-01,2.894259563003439562e-01,4.991228051686067424e-01,4.782316268788182612e-01,4.980200218662413358e-01
4.999889621139422813e-01,4.999164188163650602e-01,4.998814250491809275e-01,4.998440402037737651e-01,4.897855303543048322e-01,4.980491507535942941e-01,4.897164268294493805e-01,4.999749242617493872e-01,4.995389091785999991e-01,4.951071943127977604e-01,4.998309741695243780e-01,4.980307961523123828e-01,4.991567387479309836e-01,4.897713797422947324e-01,4.998661030764947610e-01,4.678079421321618137e-01,4.897491010688753699e-01,4.999609794005691055e-01,4.897133271779519070e-01,4.964509540282753819e-01,4.948851503422929676e-01,4.961197638644209151e-01,4.899552023136140577e-01,4.895648169888573986e-01,4.998631144863018849e-01,4.958587827404674075e-01,4.858155848118728692e-01,4.983617865093322719e-01,4.989877535963593291e-01,4.999775148815103210e-01,4.997691399562985137e-01,4.999698012076359555e-01,4.983005041365471954e-01,4.933686181303489904e-01,4.896224748286003847e-01,4.880716623484399608e-01,4.999524070896498307e-01,4.999640724886471044e-01,4.621921082875840026e-01,4.999364304675005810e-01,4.997023513842172027e-01,4.985816718475649667e-01,4.952942963109064900e-01,4.906433489192084663e-01,4.696567016180880350e-01,4.997999984407924257e-01,4.692303451727225516e-01,4.999335416191377224e-01,4.959630513148017839e-01,4.997147213810475552e-01
4.999993637461269125e-01,4.999988260460032641e-01,4.999975686810171349e-01,4.999790608173554363e-01,4.983080810491814505e-01,4.998595776267598656e-01,4.983149612514769511e-01,4.999999702722471850e-01,4.999964530241300942e-01,4.993204025852257533e-01,4.999950663349136404e-01,4.998741589943116459e-01,4.999793095533165976e-01,4.983289013858724914e-01,4.999991105022704163e-01,4.993450862737098817e-01,4.993312877241780634e-01,4.999993274180846714e-01,4.983090687082928905e-01,4.998867592930317794e-01,4.993922320306943274e-01,4.999675794238775395e-01,4.983280973776085809e-01,4.983208551329899594e-01,4.999994852608238838e-01,4.999649205956190889e-01,4.982206909552562291e-01,4.999073775914076867e-01,4.994395892811085980e-01,4.999927295238995595e-01,4.999946100406488791e-01,4.999999699168148348e-01,4.999223257256510955e-01,4.998098342321937171e-01,4.983130215157335341e-01,4.992498272428140815e-01,4.999977853885845258e-01,4.999929358011664937e-01,4.998144837420172015e-01,4.999999663425044316e-01,4.999807908328272044e-01,4.997216404946965840e-01,4.997687537385286927e-01,4.998553524449060315e-01,4.999685736802267355e-01,4.999937709688506149e-01,4.996932492601455778e-01,4.999947667404563978e-01,4.999599278465963748e-01,4.999901218048532492e-01
4.999009074580521572e-01,4.999934102657613844e-01,4.999335727745851665e-01,4.988361675639872428e-01,4.669363497817304864e-01,4.977081210951657120e-01,4.679066330885642833e-01,4.999986233596924179e-01,4.999970632449687313e-01,4.849036431097519251e-01,4.999652914820258975e-01,4.987044440910703980e-01,4.995248596140818842e-01,4.681343189946227112e-01,4.999688151567532879e-01,4.853261604904686721e-01,4.931418796532541782e-01,4.998948101579607783e-01,4.675507090768716290e-01,4.984393466951622664e-01,4.853786863045789213e-01,4.999906103661004853e-01,4.680366482772947423e-01,4.680760348532053139e-01,4.999272313580886973e-01,4.999300594790811458e-01,4.675913692309728864e-01,4.985298169956017822e-01,4.854941142013708966e-01,4.994163105552162363e-01,4.999287587943917477e-01,4.999982616585148532e-01,4.994068775897122503e-01,4.992533560366382850e-01,4.675869650326792137e-01,4.925475084292169070e-01,4.998814185026279611e-01,4.994256612043139198e-01,4.993867564896566913e-01,4.999946885504108485e-01,4.994210208822073560e-01,4.905476595874551649e-01,4.981345933123464409e-01,4.993624145310670559e-01,4.998865006903356889e-01,4.998588012517480861e-01,4.898141915930064871e-01,4.998586849890456207e-01,4.994508174894702890e-01,4.995240113743826815e-01
4.985053383027153173e-01,4.998124038804160341e-01,4.991644029684066397e-01,4.896608556236607401e-01,3.479080516624254993e-01,4.873315508290180786e-01,3.609041852357697810e-01,4.998820565458957366e-01,4.998646348362288938e-01,4.528117326046703917e-01,4.997096831807160133e-01,4.974390419673148656e-01,4.958752918636536999e-01,3.623833711885102726e-01,4.994177631763191405e-01,4.150995947069882619e-01,4.867926198074074007e-01,4.982649839338276210e-01,3.584805879636167036e-01,4.808009157084430218e-01,4.546027267865211940e-01,4.998571338884282844e-01,3.617132932503787091e-01,3.619527702335486596e-01,4.977907312008297835e-01,4.992382193216474695e-01,3.612631594819042946e-01,4.913468344283020151e-01,4.547182910251137411e-01,4.942790951208736461e-01,4.986686259868223781e-01,4.998426290164761365e-01,4.990927130768004205e-01,4.983014526501867159e-01,3.585175655196439215e-01,4.863724616825727542e-01,4.986579018211547143e-01,4.936447010346362019e-01,4.558273702999668386e-01,4.995361796157380407e-01,4.946634348995781472e-01,4.373115680152914742e-01,4.969320631500556695e-01,4.987355543267603109e-01,4.560236754116845925e-01,4.990207101329823813e-01,3.879114340608974532e-01,4.990605545432610923e-01,4.938198359764424672e-01,4.953523058805686663e-01
4.954014362579519104e-01,4.987776581090582750e-01,4.965142212340409311e-01,4.808974419563490366e-01,3.253933851107442266e-01,4.764891358025386547e-01,3.794083150465914489e-01,4.990758114060294126e-01,4.987602289235411046e-01,4.756721913493909271e-01,4.984507802922905073e-01,4.986680356287320759e-01,4.913480431527879055e-01,3.830035080599428765e-01,4.976151037874433358e-01,2.270491440630490743e-01,4.965232763193931920e-01,4.939003464003511867e-01,3.750128868617154665e-01,4.238876096962430617e-01,4.880373662214834707e-01,4.985336746069867209e-01,3.823990890977284618e-01,3.819014441512297298e-01,4.882918447874708967e-01,4.963596957530177489e-01,3.805099079938618623e-01,4.839987302296975269e-01,4.881071437396062307e-01,4.890634213041670231e-01,4.934379734480517921e-01,4.987661249799237306e-01,4.984495311810517304e-01,4.940563383712540113e-01,3.765381278973013446e-01,4.974649018241488196e-01,4.962440633274514679e-01,4.848987597520437176e-01,2.309451334557264535e-01,4.965378219606384480e-01,4.875498776995551564e-01,4.104228334889307717e-01,4.960795079538429797e-01,4.967968339325436467e-01,2.310277004395633049e-01,4.970018651785041985e-01,1.658623382783530331e-01,4.975252977586578917e-01,4.837851885119613948e-01,4.894703613198961301e-01
4.949858222243923578e-01,4.974171220563774476e-01,4.935874826032850549e-01,4.890599602892347630e-01,3.502998197473048969e-01,4.812177247450180606e-01,4.682168270755066586e-01,4.978166022497093612e-01,4.956743538619613476e-01,4.558030595000823748e-01,4.969692662711576170e-01,4.964749533734532094e-01,4.924737923900218695e-01,4.698242777748048993e-01,4.959144265672840168e-01,2.909929671395825035e-01,4.900435978262238645e-01,4.918313053189462547e-01,4.666027695742892556e-01,3.670672453454203454e-01,4.747904156600235570e-01,4.887875958776612961e-01,4.727486784852043544e-01,4.695811870285273026e-01,4.783086431184792042e-01,4.842715790919573382e-01,4.674633229109755872e-01,4.890017631348517191e-01,4.823220133602028059e-01,4.936649943230012605e-01,4.876726739435451319e-01,4.971059274261395711e-01,4.960494125578917002e-01,4.921894381934900364e-01,4.683915173676633237e-01,4.907342483016661205e-01,4.955790500644667862e-01,4.879026652462345459e-01,2.928818855874764093e-01,4.922163727775322739e-01,4.877413154182811406e-01,4.667446814375768582e-01,4.908000416366224972e-01,4.781970954868491330e-01,2.982891842880684985e-01,4.939564331109589368e-01,2.123512305963461411e-01,4.957657692702251984e-01,4.760192332897323908e-01,4.905740562781136793e-01
4.984377487474774271e-01,4.979434729706844198e-01,4.949434448342762138e-01,4.953234103851032466e-01,3.192256602943985833e-01,4.950077070783173716e-01,4.061912081041272882e-01,4.981169943819284129e-01,4.935408550946640549e-01,4.699109369873020192e-01,4.978946407982463018e-01,4.961835679481590988e-01,4.942323497553067768e-01,4.026290652158439065e-01,4.967327413514525669e-01,4.594607535696101919e-01,4.875696659756602047e-01,4.959650169530377406e-01,4.069073989166645533e-01,3.905255961405534326e-01,4.641969401601646616e-01,4.715757759384680003e-01,4.069120579479202915e-01,4.039564919777966501e-01,4.850894744978282436e-01,4.664340790502970457e-01,4.019743657997340014e-01,4.976110044288051260e-01,4.890021616068945809e-01,4.969540261880799337e-01,4.906000481899455701e-01,4.975407362688318846e-01,4.969769270774910264e-01,4.847161910575871202e-01,4.022768184685125425e-01,4.881996088530917155e-01,4.976010388961913944e-01,4.975846739390066831e-01,4.429432540285343500e-01,4.937281091895944218e-01,4.933736735047732358e-01,4.804867887528160852e-01,4.934862234969591976e-01,4.458184761204047053e-01,4.695739483781703472e-01,4.936498398732148685e-01,3.614371930295970370e-01,4.960953894683004517e-01,4.674924283975770423e-01,4.951176496354354750e-01
4.990123910010212382e-01,4.995822576120808600e-01,4.986519348786785377e-01,4.870486240240585740e-01,3.456080041490828259e-01,4.902317301554555140e-01,3.665018825228499311e-01,4.997103729211048728e-01,4.962536379073191339e-01,4.766362282410614437e-01,4.997349039979559482e-01,4.994712041795803525e-01,4.914860817977383944e-01,3.657687783732898601e-01,4.986054314735828275e-01,3.059815589012664927e-01,4.992907475968602626e-01,4.986687499187147932e-01,3.635477487910766525e-01,4.705036320466574051e-01,4.548650975496042470e-01,4.736913927016818682e-01,3.663890985397828537e-01,3.657146328186878792e-01,4.981740271289749611e-01,4.709018711533881629e-01,3.614943960996186978e-01,4.906887868280530030e-01,4.797352955588841672e-01,4.928993689422047630e-01,4.984669690662822394e-01,4.996523774761161829e-01,4.985248497809045554e-01,4.767285291928195501e-01,3.599997420859881725e-01,4.989190519262282075e-01,4.984930314395223938e-01,4.940265343651208396e-01,3.017601593304432561e-01,4.992910364672206169e-01,4.933386340407416304e-01,4.214466617675675097e-01,4.968213886951344249e-01,4.477058491086345904e-01,3.219685635993021489e-01,4.974612487487250490e-01,2.621042329127485360e-01,4.986070342116969978e-01,4.674886091421652234e-01,4.934933429224080959e-01
4.956799654201892724e-01,4.991345637835034599e-01,4.976679162983371763e-01,4.860416163704334713e-01,4.566911287238845651e-01,4.756424905849551132e-01,4.592115418787393599e-01,4.995255571354401680e-01,4.991725534682536214e-01,4.217975773751571622e-01,4.987861419099096083e-01,4.971091020043261199e-01,4.910864452751645404e-01,4.647272756181220488e-01,4.980742433114643264e-01,4.086463433106280463e-01,4.874270948456332353e-01,4.947689124809696026e-01,4.539022441603152158e-01,4.870322242000525992e-01,4.287874297374189569e-01,4.947818996939737368e-01,4.631737838826984754e-01,4.625609841724015459e-01,4.918460269333305157e-01,4.934031997219420207e-01,4.557267769853370898e-01,4.823220918102947286e-01,4.332117944188507708e-01,4.936417338968170365e-01,4.973149196739267142e-01,4.993614361129348200e-01,4.960465651635717066e-01,4.892718139884408846e-01,4.601673574375356734e-01,4.852809202450538706e-01,4.968051829794029040e-01,4.854444009255928227e-01,4.610255645204189290e-01,4.980870887764847210e-01,4.891190674132950278e-01,4.265364630104115373e-01,4.893840817508110508e-01,4.859694246107720272e-01,4.710348008447577395e-01,4.984587631645387429e-01,4.073707245541960953e-01,4.986942243022404186e-01,4.808403855985087239e-01,4.902322943221452678e-01
4.951226924967724319e-01,4.975189859004560122e-01,4.939398350066281362e-01,4.927230288021111071e-01,4.205444193211596571e-01,4.808818721242519301e-01,4.880209610946462662e-01,4.979364674479775377e-01,4.965474440302988790e-01,4.598914518131699825e-01,4.969806730540350936e-01,4.949150402208268296e-01,4.937324765812590721e-01,4.903763565822821247e-01,4.962392627679880208e-01,4.544376492462436912e-01,4.811382161425425963e-01,4.921063294182744796e-01,4.869374382812540758e-01,4.210074792780189035e-01,4.845556363238811004e-01,4.935411665612616794e-01,4.930138989062779475e-01,4.898441477403799871e-01,4.789933923540167782e-01,4.896865454553543384e-01,4.864706644372389643e-01,4.894749471428667120e-01,4.878564778758635589e-01,4.965060281408675280e-01,4.893335698286169766e-01,4.972553989394534191e-01,4.954655215418310443e-01,4.890624885888195661e-01,4.917488610940401461e-01,4.809003090306659400e-01,4.958633963243953557e-01,4.887627873576453896e-01,4.547605799525094583e-01,4.925487557517987947e-01,4.888519883516342368e-01,4.788430793143124697e-01,4.887564779712155749e-01,4.867577269056965750e-01,4.600883827031761464e-01,4.945499725651154588e-01,3.853402187683591107e-01,4.960672092051410798e-01,4.816601575831841453e-01,4.916355555822066181e-01
4.978141334618765845e-01,4.977268955508707404e-01,4.944695131329139293e-01,4.954690132255649138e-01,3.606216630988747784e-01,4.949394419871862016e-01,4.759010903643529633e-01,4.979552522246243340e-01,4.935303805048733561e-01,4.169316937942079693e-01,4.976261463208239699e-01,4.977160984637269414e-01,4.940174445440727591e-01,4.723555962301195232e-01,4.964181527600587951e-01,4.157810016245266915e-01,4.958317514513931878e-01,4.950802449904516123e-01,4.767380581340920354e-01,3.755215932346285812e-01,4.152338382372665060e-01,4.727113174577849408e-01,4.774020226946393830e-01,4.737071565897912895e-01,4.830724403985027227e-01,4.674543133562311659e-01,4.713049999209144580e-01,4.970067112363699691e-01,4.361245351405443893e-01,4.970722908286347441e-01,4.883026350687114658e-01,4.973218479082154864e-01,4.967758908656756400e-01,4.712971133845492711e-01,4.725632946676330270e-01,4.966663247618052224e-01,4.972118889155604515e-01,4.962728049821641396e-01,4.499626719648822659e-01,4.930989866758647699e-01,4.925612706174619659e-01,4.911419228140261328e-01,4.933817644487817344e-01,4.480468350817013445e-01,4.755385823666964384e-01,4.935290096725715170e-01,3.608864208264258577e-01,4.960072477044876194e-01,4.674005112261065409e-01,4.945026494504153880e-01
4.995802038714715065e-01,4.990969289999427905e-01,4.979354656320210681e-01,4.980139056853100654e-01,4.072261598353644207e-01,4.969510565754720055e-01,4.926442764267529029e-01,4.992531234140977214e-01,4.955628544222727694e-01,3.810072012052451718e-01,4.991714205294967566e-01,4.969857445000755436e-01,4.951281795320533474e-01,4.901624579942223670e-01,4.983093647164045237e-01,3.132086855807269532e-01,4.873974613414059909e-01,4.986509503289768830e-01,4.927087613041792324e-01,4.099902938196436919e-01,3.688795267084278295e-01,4.733334757166956508e-01,4.929316344455751953e-01,4.906972596790781238e-01,4.947829848739123126e-01,4.702822536840525758e-01,4.846612264548126880e-01,4.962880416954953411e-01,3.889962107338141295e-01,4.990923773329002389e-01,4.944578583787633264e-01,4.990433373737561129e-01,4.958417134034212026e-01,4.783299063524035222e-01,4.894543637716632922e-01,4.849501299703137813e-01,4.990379792034632112e-01,4.991576324987023749e-01,3.792670576503069935e-01,4.976763095529092573e-01,4.969523741686472373e-01,4.923062957120173389e-01,4.898461632194037185e-01,4.458123384757556873e-01,4.052625014695918071e-01,4.970207852383096148e-01,3.348640167768451303e-01,4.985259911665431698e-01,4.713895200583236300e-01,4.971605118353658592e-01
4.999656147937363571e-01,4.998311189494584195e-01,4.997232552956331619e-01,4.992398938580363543e-01,4.539433123625642996e-01,4.961961682882852220e-01,4.786929247514689623e-01,4.999239680071276837e-01,4.988951026053272675e-01,4.632979911988504007e-01,4.997847476448984416e-01,4.961501249254636203e-01,4.983371320768038570e-01,4.786182297704496547e-01,4.996666626168101422e-01,3.594212400620543924e-01,4.801317137456022066e-01,4.998793966984347303e-01,4.786802831272389258e-01,4.701140316981383127e-01,4.595352213312290934e-01,4.913334350402333017e-01,4.790922220009945498e-01,4.784017867068458552e-01,4.995714152666340668e-01,4.906800199618969183e-01,4.736298419013803551e-01,4.970579934232977060e-01,4.679830186959255678e-01,4.995510661152360310e-01,4.989273624372360660e-01,4.999073586109490930e-01,4.969144463724027294e-01,4.956638423596476106e-01,4.779304411473970782e-01,4.773369295617280184e-01,4.998779344185676488e-01,4.998942973412187629e-01,3.747012509586953311e-01,4.997997241399849688e-01,4.994414021096891809e-01,4.971920699971690283e-01,4.914387259241758121e-01,4.799810935079081298e-01,3.854191294891716746e-01,4.994858287669632912e-01,3.648990158234153847e-01,4.998157907282481660e-01,4.909423165597285865e-01,4.993339076195411619e-01
4.999979337644601118e-01,4.999897584933252204e-01,4.999830004917696913e-01,4.996107065378608270e-01,4.886722154499604787e-01,4.992633087438738126e-01,4.901026609728046379e-01,4.999995572292962320e-01,4.999594261574888399e-01,4.986839491774485711e-01,4.999706666052732840e-01,4.993311860220600029e-01,4.998546471415132308e-01,4.901580882623461921e-01,4.999891750196575058e-01,4.907410130975398133e-01,4.964508136694517626e-01,4.999974778991127522e-01,4.900759522264493961e-01,4.978950080771161746e-01,4.989247743446377226e-01,4.995864562578039014e-01,4.901621580995025318e-01,4.901128818837017231e-01,4.999971905459921206e-01,4.995611386582599622e-01,4.894443083309313325e-01,4.995589433821582270e-01,4.994027497559868078e-01,4.996905131946273726e-01,4.999519192923916333e-01,4.999995465741822187e-01,4.996298553320616120e-01,4.999279280363084221e-01,4.898218329939622029e-01,4.960664997174994428e-01,4.999884570074219492e-01,4.999679883568194927e-01,4.903646696530687410e-01,4.999993995495874977e-01,4.999118504164997145e-01,4.983682471169237904e-01,4.988965664585692794e-01,4.988007942009903828e-01,4.915163726240483477e-01,4.999571801177916108e-01,4.886098134108658453e-01,4.999682672516944093e-01,4.995444134109337520e-01,4.999339946634545617e-01
4.999659600393650538e-01,4.999955868718597429e-01,4.999711819013549774e-01,4.992522137725014519e-01,4.864429109670708185e-01,4.991795512442885885e-01,4.867191798701331340e-01,4.999998316724596492e-01,4.999964835761485094e-01,4.995494227911260743e-01,4.999768769997929851e-01,4.995715743717898394e-01,4.997889598013856016e-01,4.867941115396538510e-01,4.999893117180440605e-01,4.994113672232026735e-01,4.977252640475617884e-01,4.999644376379940303e-01,4.865691730540600557e-01,4.993287097006997022e-01,4.999218987802047653e-01,4.999586324146916838e-01,4.867541294838785837e-01,4.867588022903263645e-01,4.999800605715203350e-01,4.999329535931203439e-01,4.863445992233362269e-01,4.994821306878644562e-01,4.999935356260725161e-01,4.994911581122858379e-01,4.999781451088748940e-01,4.999997974243705623e-01,4.998384373669961800e-01,4.999649968280099888e-01,4.862806901870457832e-01,4.975488895641703713e-01,4.999528492680785363e-01,4.997796828148595716e-01,4.989364823875104271e-01,4.999994769234911707e-01,4.997512643942055854e-01,4.959816312699282803e-01,4.994711771892026975e-01,4.997431860108223489e-01,4.994253374982187688e-01,4.999395729187456894e-01,4.953477394828094127e-01,4.999405429321761574e-01,4.997509768563048738e-01,4.998077357090284778e-01
4.989902748595912430e-01,4.999090174254069985e-01,4.994927654249568527e-01,4.930455866782937346e-01,4.042873864230694947e-01,4.915036570444364927e-01,4.043642118587412182e-01,4.999530874584819928e-01,4.999403661260397591e-01,4.964506178707529527e-01,4.997911960013547428e-01,4.988610640380746752e-01,4.969417210368253235e-01,4.054825456206004874e-01,4.996388694492582827e-01,4.984470417899071193e-01,4.941335167083071855e-01,4.988745775902764246e-01,4.023035732371548212e-01,4.982372938503009663e-01,4.982950995898451918e-01,4.999306100506210049e-01,4.048886065140960278e-01,4.051088154282477816e-01,4.988250120932348763e-01,4.995183984538281163e-01,4.037684452727043349e-01,4.939365490064803743e-01,4.983594588763035627e-01,4.964627950248443056e-01,4.998468881232659977e-01,4.999380470402671750e-01,4.996914001705258235e-01,4.987486907483721366e-01,4.027451774693097675e-01,4.940276642909344762e-01,4.990724340281350591e-01,4.954348699759621444e-01,4.986233987641736642e-01,4.998117709061317138e-01,4.961180620332837909e-01,4.534150378409889659e-01,4.987962446252254267e-01,4.994104435336217951e-01,4.998281739739292573e-01,4.993857898638452975e-01,4.562453888984456807e-01,4.993952374413743733e-01,4.956215342513105582e-01,4.966593586544650885e-01
4.961377681373641546e-01,4.991741969064719120e-01,4.975595226339735722e-01,4.896875317050954357e-01,4.130222246358143945e-01,4.797840005116350559e-01,4.123147252978875410e-01,4.994148179905526508e-01,4.993290797425157246e-01,4.427185896031116119e-01,4.989036797484063812e-01,4.991941732425924094e-01,4.926829424229317578e-01,4.160502751033928748e-01,4.982049108570989482e-01,4.200004445476920312e-01,4.982132528763373314e-01,4.951210466274336142e-01,4.079960520320216055e-01,4.963611754245054186e-01,4.506041905200323106e-01,4.994136476049514384e-01,4.150578230030077531e-01,4.148255243070992915e-01,4.915876209860306489e-01,4.979487090761270385e-01,4.135453809879791609e-01,4.861598488901315851e-01,4.503944848857541761e-01,4.968333196223659876e-01,4.988413147236675504e-01,4.992164037808142218e-01,4.988976028187220302e-01,4.894011609009920605e-01,4.148671874646292501e-01,4.989230712861835726e-01,4.969788348236411357e-01,4.869314793118942886e-01,4.645090973842376236e-01,4.977473284239400386e-01,4.897657513199253909e-01,4.243192328477058406e-01,4.971214549464771371e-01,4.983186188342703660e-01,4.642964955903701174e-01,4.980690048232684353e-01,4.012067997663796293e-01,4.983356014589055416e-01,4.867783760135668825e-01,4.911532982205430442e-01
4.949883158057230004e-01,4.977147166477695617e-01,4.943836937197918502e-01,4.927356560131654906e-01,4.754143763664834266e-01,4.814679331051590627e-01,4.721811960609954006e-01,4.981326977903401954e-01,4.971363461109780668e-01,3.292312320829360872e-01,4.972564443027865932e-01,4.971918149429386258e-01,4.935913262049241856e-01,4.750990093201838405e-01,4.964582334287465648e-01,1.491224067680611831e-01,4.924868332058002229e-01,4.922083438082490159e-01,4.705406031118130050e-01,4.939272142108432351e-01,3.454492370115452293e-01,4.955201352369231205e-01,4.769422935277012332e-01,4.742968835555307350e-01,4.802098198066000467e-01,4.921226106415291790e-01,4.725449912583791212e-01,4.897103017301095429e-01,3.464993186673296921e-01,4.970689678234207487e-01,4.947713112262039914e-01,4.975112213800297889e-01,4.969975630788706078e-01,4.681816055098119711e-01,4.766978453456174325e-01,4.935892360855021477e-01,4.958988979955906151e-01,4.878813203830562051e-01,2.114707908728622188e-01,4.931822767989477163e-01,4.888187566971984865e-01,4.700059048900748215e-01,4.931532666432767442e-01,4.916893162723416366e-01,2.124524323321719810e-01,4.951378014750599799e-01,2.041098831475745279e-01,4.964123574853508414e-01,4.829453033213285118e-01,4.913241093985537544e-01
4.978891599903047527e-01,4.976040142223737694e-01,4.940776348459424705e-01,4.934376151454153980e-01,4.179747378236856048e-01,4.953639947125061949e-01,4.217905163418369519e-01,4.978028553363895159e-01,4.943239971718019765e-01,3.959175829198171570e-01,4.973369738597380740e-01,4.974453625996420603e-01,4.953573601241191282e-01,4.186177626494673176e-01,4.965511639817938305e-01,2.112172449842191213e-01,4.953703218550872811e-01,4.949428864480951429e-01,4.228698697823768948e-01,4.894006515183328965e-01,4.044516441805325879e-01,4.811773800998154771e-01,4.231424870160596097e-01,4.200322233559562468e-01,4.817671681029870312e-01,4.761167614673990633e-01,4.180050663346999151e-01,4.972062491058306111e-01,4.170796891329090483e-01,4.947587217885432986e-01,4.898484063665651256e-01,4.971093455010556772e-01,4.966966672535335081e-01,4.688536591164700895e-01,4.174679869894747375e-01,4.960130272076890279e-01,4.971523348288847122e-01,4.968496823416463926e-01,2.421274324065801620e-01,4.924955393267765880e-01,4.924598471042775372e-01,4.833958111265941326e-01,4.931360892773879456e-01,4.645742898413877664e-01,2.511767397096463794e-01,4.932259376358482661e-01,2.442420073034366756e-01,4.955418979950830249e-01,4.764426962455853287e-01,4.950828731138855465e-01
4.991892116555937120e-01,4.992694261389670762e-01,4.977588238486455596e-01,4.929633106252188091e-01,3.885688393544171060e-01,4.910446462263398093e-01,4.150921077806172255e-01,4.992912630883584169e-01,4.950035169003279556e-01,4.864421912082254607e-01,4.994011146946228386e-01,4.980468622822404323e-01,4.918688189285525536e-01,4.129798832842743184e-01,4.981137549589965685e-01,4.753400140508055038e-01,4.940570534716622886e-01,4.983479885578660507e-01,4.122686129560477752e-01,4.683235396379458182e-01,4.638853297895104144e-01,4.712361577548996872e-01,4.149371857080417225e-01,4.138029130259438526e-01,4.956453287609827729e-01,4.673816032634443007e-01,4.108931600377610516e-01,4.895414304279267492e-01,4.914135220190899989e-01,4.981694152925526531e-01,4.911651359475585066e-01,4.991105963347142738e-01,4.957311040869180618e-01,4.947458057097908757e-01,4.112522420044074090e-01,4.914611343645847175e-01,4.982896804197178842e-01,4.950416230429738329e-01,4.573488849106642773e-01,4.979772627228865600e-01,4.929172936100676417e-01,4.328874065158258566e-01,4.894365597781036303e-01,4.414843320886578382e-01,4.875851576581364810e-01,4.962910530664353392e-01,4.046948985843543678e-01,4.979712877295903728e-01,4.656407013316213872e-01,4.936877068798071200e-01
4.963837344973295873e-01,4.995233961572619896e-01,4.986938410507578134e-01,4.922577329702945148e-01,4.384089086021343284e-01,4.754665111184777637e-01,4.863219531391567152e-01,4.998413539922427762e-01,4.984146364571728216e-01,3.834405517874732716e-01,4.994421065770467960e-01,4.942419984540591393e-01,4.910458814230979074e-01,4.916056515241785108e-01,4.983114986988804729e-01,1.898929685287491231e-01,4.713567219515157336e-01,4.959568126078647277e-01,4.809874349951449024e-01,4.457854118621075168e-01,3.761304008770177676e-01,4.859745059935517975e-01,4.900760360883951727e-01,4.894698629885634866e-01,4.953546621252540305e-01,4.845278124632070305e-01,4.845408697085655247e-01,4.825640387290677791e-01,3.875826724248727095e-01,4.992241603838560859e-01,4.971957172728774799e-01,4.997963750676074901e-01,4.945826509438892571e-01,4.869286356126201754e-01,4.910014331113989328e-01,4.676614596853117534e-01,4.974708617454361437e-01,4.871379721897968196e-01,2.372033673167419643e-01,4.993420278782215727e-01,4.910663923939806441e-01,4.403789133506212372e-01,4.848289940348794458e-01,4.667874239109055523e-01,2.459186350034334723e-01,4.991106005945485924e-01,1.992476646619367187e-01,4.994725160662087382e-01,4.737457560137505741e-01,4.911624900209251576e-01
4.952648787297869171e-01,4.978752602749955125e-01,4.950065431210333156e-01,4.917664187963426969e-01,4.451992272257234151e-01,4.811041583057852344e-01,4.722767587991192895e-01,4.983541524278468082e-01,4.980388688890273197e-01,4.039138976374299639e-01,4.973675745987717334e-01,4.946451811225236472e-01,4.949236559686814863e-01,4.759947860349000304e-01,4.968865946047391069e-01,3.260224835211398275e-01,4.773115133167851742e-01,4.927521479680535554e-01,4.716092534955697024e-01,4.601371194278688348e-01,4.264811035214520207e-01,4.982819630634284791e-01,4.773259787649345998e-01,4.746704798324356545e-01,4.816273796764827253e-01,4.957862444420735315e-01,4.709754060060808434e-01,4.909680121520406670e-01,4.259014264095861702e-01,4.948524769503034326e-01,4.976690994794844003e-01,4.977933360301084464e-01,4.963823404040580978e-01,4.648865757760567430e-01,4.752751245339348896e-01,4.773604201598219965e-01,4.963977833504912840e-01,4.894016259755242237e-01,3.767406618334150914e-01,4.938432565375548422e-01,4.907325002115370260e-01,4.862568315719874579e-01,4.908961253950099857e-01,4.961582823572703305e-01,3.784935505988083482e-01,4.959770133184245311e-01,3.505365742457555167e-01,4.969058578853425834e-01,4.872747450313867912e-01,4.928194194588604304e-01
4.974946519005038481e-01,4.974985982193649847e-01,4.938607078606139233e-01,4.950746654554992188e-01,4.582161117009756479e-01,4.945182132002728936e-01,4.607732899683636973e-01,4.977346181092485722e-01,4.945320755079077868e-01,4.679981800749482557e-01,4.972227454567884619e-01,4.976386529588384122e-01,4.954185291067346175e-01,4.579801720419782729e-01,4.964239877110788735e-01,4.918713783436062248e-01,4.958641540368585177e-01,4.944217060902092453e-01,4.619792977952725810e-01,4.906397390007150028e-01,4.807840030927428288e-01,4.828880670846346645e-01,4.628023738853932478e-01,4.593549409023245378e-01,4.806698081563025027e-01,4.779045338026267631e-01,4.576383060279685666e-01,4.961887537830265149e-01,4.940375824367857494e-01,4.963342787381193610e-01,4.923277332732640676e-01,4.970134785433051317e-01,4.959473681295614722e-01,4.775803668713852201e-01,4.584930762138564875e-01,4.959758037991659485e-01,4.969401186296677486e-01,4.960477478554747854e-01,4.781664200110726792e-01,4.921926861091877603e-01,4.921152545597567429e-01,4.913575844160998907e-01,4.912235526089674398e-01,4.672814473398866908e-01,4.935028158695993206e-01,4.932851337227247002e-01,4.891409800700666777e-01,4.955470888464433843e-01,4.774277552443922934e-01,4.948027537100957440e-01
4.993638211450178721e-01,4.987784686771864484e-01,4.970110937007098939e-01,4.964101739036304028e-01,4.769494199018007308e-01,4.942884103015815489e-01,4.877395649085393692e-01,4.988784104179662116e-01,4.946124533232311715e-01,4.837695638044219315e-01,4.988815443925507798e-01,4.944485510134812856e-01,4.948144646014955850e-01,4.846611294493903266e-01,4.977839096926384710e-01,4.819734772250172661e-01,4.758532279457308722e-01,4.979557706640996839e-01,4.878330603924654341e-01,4.867747072875958092e-01,4.681341440833122203e-01,4.716601972748377114e-01,4.883887984102534552e-01,4.858926176756373505e-01,4.920303919332008613e-01,4.677045745675764699e-01,4.826144555952340265e-01,4.936774529109744236e-01,4.951208287469163194e-01,4.977138253632780174e-01,4.910208878022409573e-01,4.985548455981461680e-01,4.932421197503957244e-01,4.955238750804323300e-01,4.832079554694245771e-01,4.716071872873049409e-01,4.985992962636465742e-01,4.987607877800606659e-01,4.593645627160291567e-01,4.964498835384876796e-01,4.957374819017950074e-01,4.905384215674845061e-01,4.827214260643709620e-01,4.410849803573622108e-01,4.890347031001446854e-01,4.958734259434228187e-01,4.767703533715224595e-01,4.977898208350781117e-01,4.690977516866001173e-01,4.964746567942681654e-01
4.999156784365847428e-01,4.997175007056588458e-01,4.994548221491778017e-01,4.955754829258251504e-01,4.378660524860392145e-01,4.937428930487542389e-01,4.615727759766832250e-01,4.998182210610809251e-01,4.979305145596316096e-01,4.922810163872305966e-01,4.997692429395114710e-01,4.936581236651829130e-01,4.973881981527180640e-01,4.611565121136863010e-01,4.993465512894204594e-01,4.571755401817613196e-01,4.676108361433747862e-01,4.997066297648000699e-01,4.615386771993343906e-01,4.713483546454433903e-01,4.817319407598317782e-01,4.851247068052466638e-01,4.621078959564080546e-01,4.611091015087603884e-01,4.989448702331102936e-01,4.838407674614246812e-01,4.569667931669725291e-01,4.956500944566575306e-01,4.969278225753258060e-01,4.961485741519113812e-01,4.956463741709060677e-01,4.997761611131030235e-01,4.953952481328072754e-01,4.993713287730779382e-01,4.572299973386440008e-01,4.638144371922626186e-01,4.997444112610187061e-01,4.997539040955910616e-01,4.445418058753818902e-01,4.995048449963528925e-01,4.990338396240417418e-01,4.954093972443724958e-01,4.871400982100838606e-01,4.666972609692814355e-01,4.625584817777070312e-01,4.989398389465627970e-01,4.377265265725037713e-01,4.995799584512660707e-01,4.843571535515922566e-01,4.987832535611931850e-01
4.999963999165371042e-01,4.999671532164638443e-01,4.999477588406149864e-01,4.984168668577402261e-01,4.626419274534625536e-01,4.983229483421929840e-01,4.732216596531028663e-01,4.999961557830127079e-01,4.998055443084493676e-01,4.904556513151939190e-01,4.999432371942864606e-01,4.984670903567795519e-01,4.995270245584084168e-01,4.732826909158215911e-01,4.999476883948709705e-01,4.591967767150801349e-01,4.918756961334469491e-01,4.999926094707272672e-01,4.731671630011149432e-01,4.874793150431125377e-01,4.900284328312837223e-01,4.981705649991188256e-01,4.733276002999444732e-01,4.731793871477054658e-01,4.999823168896098680e-01,4.980570761659159906e-01,4.717038579508154306e-01,4.991117475209320697e-01,4.919517011415612817e-01,4.986400901032408961e-01,4.994025343543903595e-01,4.999958627541266631e-01,4.992616797977937892e-01,4.999408969234352407e-01,4.718937007951520268e-01,4.911508424442979637e-01,4.999683096189637688e-01,4.999299986725764811e-01,4.638172677116940146e-01,4.999933827477496817e-01,4.997920394293839386e-01,4.955741049177751489e-01,4.977990171638339012e-01,4.956173414545450018e-01,4.671401515863536913e-01,4.998545101115172140e-01,4.530675935604973059e-01,4.999082862631759605e-01,4.980487476466589625e-01,4.997862657566413680e-01
4.999951092788540996e-01,4.999986787415698908e-01,4.999941667136770240e-01,4.998934580969537911e-01,4.970998162445928181e-01,4.998790044948178135e-01,4.978278541509262856e-01,4.999999752591778868e-01,4.999965096895980232e-01,4.988484122274325361e-01,4.999951438465457532e-01,4.999451423967786745e-01,4.999565949070395865e-01,4.978387848690782880e-01,4.999980648278329332e-01,4.970993892880906095e-01,4.997104652837360272e-01,4.999948978165347224e-01,4.978017841584617131e-01,4.991619724372908240e-01,4.989345004685815099e-01,4.999721609099017638e-01,4.978323073537123666e-01,4.978286181992503945e-01,4.999965064546009197e-01,4.999659252595819448e-01,4.977270016822492038e-01,4.999228228127764462e-01,4.989666466824163593e-01,4.999360079778557009e-01,4.999856067887090139e-01,4.999999709615641774e-01,4.999839108723814207e-01,4.999621137094259482e-01,4.977355185833862716e-01,4.996910570230733706e-01,4.999906866523633475e-01,4.999642065369941935e-01,4.980833121228425697e-01,4.999999582980779733e-01,4.999453911618687574e-01,4.992877424350136151e-01,4.999419690133513616e-01,4.999225255346702590e-01,4.982608232488961453e-01,4.999876180366936151e-01,4.968614739270882930e-01,4.999894467654530938e-01,4.999370819097564977e-01,4.999658306720016210e-01
4.993738438346110309e-01,4.999511969644773735e-01,4.996928355424122836e-01,4.970720209555531399e-01,4.212570357020092859e-01,4.946814662639069660e-01,4.411474495058596568e-01,4.999845823577133141e-01,4.999766556308993248e-01,4.772761085273982684e-01,4.998292039429892419e-01,4.995909308811553595e-01,4.978755445952673941e-01,4.419001260913030804e-01,4.997917366936886485e-01,4.716543298420908803e-01,4.979492998695401740e-01,4.993229151538559618e-01,4.395843814008528194e-01,4.752755382636721926e-01,4.794118170070708063e-01,4.999647747415130183e-01,4.414485529824656584e-01,4.416011728812089809e-01,4.994262420024917493e-01,4.997012471044519621e-01,4.395579398848644681e-01,4.959921343219796386e-01,4.794473868431443075e-01,4.993935972790452538e-01,4.998450156119075838e-01,4.999802274188867579e-01,4.999131260137169575e-01,4.949776433275815402e-01,4.413923487646889687e-01,4.978913131339850473e-01,4.993989061211017155e-01,4.969849449904661376e-01,4.896530901139425351e-01,4.999385844305804238e-01,4.973523526764450642e-01,4.683030746834423441e-01,4.995472258225428508e-01,4.997104998170752710e-01,4.917237893814473404e-01,4.996324792068287390e-01,4.418638174970812016e-01,4.996323444477606679e-01,4.971350457429261072e-01,4.977832194671095722e-01
4.968831783999853036e-01,4.994839646323110394e-01,4.983875517012011369e-01,4.933451299726276384e-01,4.125957855307029742e-01,4.831427968493394731e-01,4.404534906651599857e-01,4.996656797876957712e-01,4.996219941428332034e-01,4.867869294249089207e-01,4.991945303558308344e-01,4.994619409745327254e-01,4.938926169061573779e-01,4.439416630049933254e-01,4.986790762505432517e-01,4.917088509260237328e-01,4.988276291522680816e-01,4.962454919875771697e-01,4.364162877097279014e-01,4.639518281513239639e-01,4.931802111784442388e-01,4.995466018329915436e-01,4.427892828034026285e-01,4.426960977804524910e-01,4.943309051274062393e-01,4.985432179183744705e-01,4.403664174223607120e-01,4.884791105945777145e-01,4.932276910218343358e-01,4.993440130473313920e-01,4.993814085062485697e-01,4.995526321343363718e-01,4.992834883886830832e-01,4.787490464263426393e-01,4.443061921096682632e-01,4.992847643320509343e-01,4.976494462805046703e-01,4.890885560202156146e-01,4.956984144152251637e-01,4.986784545093136400e-01,4.917341494406908819e-01,4.383957918654214359e-01,4.980064812639246052e-01,4.984956255269516467e-01,4.971146431928726295e-01,4.988343982415709421e-01,4.139001746843690710e-01,4.989574209843738450e-01,4.890878447740173440e-01,4.927898854687928210e-01
4.951934668909954151e-01,4.981181317379694273e-01,4.954373616604120234e-01,4.932288424253314929e-01,4.706119377338986443e-01,4.824823305769636583e-01,4.771339390061291041e-01,4.985291357412640623e-01,4.981885589622465083e-01,4.708839350884487795e-01,4.976988062811382729e-01,4.980911690930454605e-01,4.943583074587176163e-01,4.810720746627815680e-01,4.970143365744402741e-01,4.819291435223089781e-01,4.955971188041611852e-01,4.929156401872337723e-01,4.754709151806668643e-01,4.852024255728933921e-01,4.914326751891439082e-01,4.983601959976209361e-01,4.819159869657244633e-01,4.797175261179681405e-01,4.830615961986742257e-01,4.959667553397659190e-01,4.787662081372056622e-01,4.904794131179359140e-01,4.907660168820543456e-01,4.972723683779957660e-01,4.982713103310397185e-01,4.980293327776116885e-01,4.977126867222671502e-01,4.783704392036539077e-01,4.822508452642265686e-01,4.968369481399110832e-01,4.963776960269879468e-01,4.882676474220922214e-01,4.868395830847393468e-01,4.944842603992792296e-01,4.902410890975452129e-01,4.733692052535870554e-01,4.950693048119378936e-01,4.971614134247716588e-01,4.861471725724573201e-01,4.963706480567492973e-01,4.595469123699369440e-01,4.972035141285367499e-01,4.863829647942218282e-01,4.921277015373410335e-01
4.974156658109040730e-01,4.974131380109239053e-01,4.936763971318803290e-01,4.958446113449905268e-01,4.354509843447339490e-01,4.944873349022862463e-01,4.400125494290265671e-01,4.976916475001165185e-01,4.955819759945037650e-01,4.660143947471844794e-01,4.970424649563460751e-01,4.976185298582402883e-01,4.964494169990493755e-01,4.380375172542478324e-01,4.966247268108140434e-01,2.655741732628856822e-01,4.965783522319027754e-01,4.942456814171047319e-01,4.414634763918955929e-01,4.862781041320202169e-01,4.892208937120842704e-01,4.904960251172686969e-01,4.423151298505035300e-01,4.391882104531467101e-01,4.797910857245425431e-01,4.860528290780803395e-01,4.372969087690050660e-01,4.955405199939602601e-01,4.949209901491269381e-01,4.968163412511387711e-01,4.971081988969606735e-01,4.969398930019748861e-01,4.952653653020732682e-01,4.945742204098011463e-01,4.394681684255403731e-01,4.958986250976952226e-01,4.969008146030460815e-01,4.962238650067089529e-01,2.606862775384424236e-01,4.919003622313642410e-01,4.922435033907109903e-01,4.864636647712224371e-01,4.895089635412049334e-01,4.816228531375103539e-01,2.649958532806687694e-01,4.934227299567129355e-01,2.576500971943543883e-01,4.953925518367160996e-01,4.853183905704934187e-01,4.952504366049642615e-01
4.991879401172882313e-01,4.988139827172317631e-01,4.965543125012321646e-01,4.909561643293564037e-01,4.148909988648964986e-01,4.893256547820102886e-01,4.550365997663660123e-01,4.987870051980974329e-01,4.946193806138034499e-01,4.420250058270809301e-01,4.987483577518011524e-01,4.945422583179063247e-01,4.929642532035921620e-01,4.519592404753401405e-01,4.977328193373986021e-01,2.126123095233776461e-01,4.779843139424891363e-01,4.977055195225683626e-01,4.525760732040503553e-01,4.527348259599018321e-01,4.329312092496006015e-01,4.760115760137362262e-01,4.552461989652446528e-01,4.537079635571614755e-01,4.920403489902662741e-01,4.714424018011491024e-01,4.496271418724823166e-01,4.874548786763853725e-01,4.536621073381784108e-01,4.952572214203548873e-01,4.955288980274246691e-01,4.984441327966754320e-01,4.922528211362772188e-01,4.891426372589172122e-01,4.484670549306930543e-01,4.724787892372944165e-01,4.979357275833970475e-01,4.957885247236979986e-01,2.221493219418428922e-01,4.962723489402602883e-01,4.921429955600804540e-01,4.449004795755431840e-01,4.795200243561590914e-01,4.484132433277329688e-01,2.345016552239689855e-01,4.951741148594910880e-01,1.941840289845967737e-01,4.971662945356868923e-01,4.708955303171616369e-01,4.941057815045045709e-01
4.970207344735600996e-01,4.997548457364494046e-01,4.992092786241788538e-01,4.859882455562893888e-01,4.332706254201689200e-01,4.750564410955779304e-01,4.944948923407672114e-01,4.999313635853838700e-01,4.971878432784649915e-01,4.048318175427852439e-01,4.997402641278116953e-01,4.909769268312871859e-01,4.911156818838035565e-01,4.984018446983399242e-01,4.982875042351295192e-01,4.012778430250327766e-01,4.540901693795094674e-01,4.968066439668540890e-01,4.893617472745778740e-01,4.357677344247671281e-01,3.872736255294226271e-01,4.783366777914455636e-01,4.976296085427739380e-01,4.968517812474004813e-01,4.974258748241030537e-01,4.762574823885344921e-01,4.927800327999822261e-01,4.835430089325317149e-01,4.057228102534108372e-01,4.922430022376416137e-01,4.944239805611038152e-01,4.999408091657302489e-01,4.937973292513324064e-01,4.823275779202169655e-01,4.899123631577539384e-01,4.496626863808390051e-01,4.979257117259286436e-01,4.887234593022812268e-01,4.744826444726908399e-01,4.998964838426884771e-01,4.921618886912555446e-01,4.533340096250750850e-01,4.819532970523365822e-01,4.513289631379907574e-01,4.990856836255753715e-01,4.990353290478207748e-01,4.052862240608002264e-01,4.997581839693153172e-01,4.675297976570970127e-01,4.919232299659055951e-01
4.955613056599533772e-01,4.983620669330895425e-01,4.963721905154973579e-01,4.928875266679656475e-01,4.132225937397931426e-01,4.825420168501254325e-01,4.434438926632290334e-01,4.988590602325576051e-01,4.986721167566797175e-01,4.700607652676929704e-01,4.980028524886433994e-01,4.952246321565205167e-01,4.952991781459502030e-01,4.477823963822268882e-01,4.974175479941084221e-01,2.112864059801219385e-01,4.778837426334786587e-01,4.936932262548970884e-01,4.431342232747512710e-01,4.579611751272065212e-01,4.855701185917056240e-01,4.957369679158490916e-01,4.480954530366286770e-01,4.458045603581612393e-01,4.852971715564227129e-01,4.942212124462260214e-01,4.437328282499944376e-01,4.929718709295022872e-01,4.881710054854729863e-01,4.955455716523872733e-01,4.958927217338903737e-01,4.984582645331200879e-01,4.976005164487276033e-01,4.916650836695763416e-01,4.467324617809840248e-01,4.786366812849220942e-01,4.970751528148347198e-01,4.902764059353311721e-01,2.131384151682049199e-01,4.955306387259492684e-01,4.928857893005730295e-01,4.910399537443063123e-01,4.943590725712187495e-01,4.911899117102450640e-01,2.150173752478049261e-01,4.973027440844344782e-01,1.985546333721205092e-01,4.978562657814918357e-01,4.857805880025261591e-01,4.937430721683087054e-01
4.972787685914066835e-01,4.973935285162673914e-01,4.936622990206822048e-01,4.949054528896654759e-01,4.392544865689885780e-01,4.938715287894399619e-01,4.437594800962875174e-01,4.977011494975158712e-01,4.960077818021351725e-01,4.018479840308987749e-01,4.970201857914581245e-01,4.973307389042533888e-01,4.967408782026526692e-01,4.423412253252282378e-01,4.966822989014482714e-01,2.426385681894078772e-01,4.941007019816507917e-01,4.940936968963135500e-01,4.453433910074554580e-01,4.862416195593757817e-01,4.238702907020457933e-01,4.926996795428412179e-01,4.464227012981051845e-01,4.433217945180863429e-01,4.794671393091647360e-01,4.885362707151933437e-01,4.418988861089092057e-01,4.947743852614693849e-01,4.270052761326446067e-01,4.957557278531840028e-01,4.975477848354913912e-01,4.969447466371796907e-01,4.945604047992990804e-01,4.945223999335133791e-01,4.430102205394971793e-01,4.927467619437801982e-01,4.968624985972858732e-01,4.960622892569441222e-01,2.773376827063490091e-01,4.918576145991827020e-01,4.923381045186986937e-01,4.901457758355063365e-01,4.875783578645455640e-01,4.852559061033368537e-01,2.803648952465736532e-01,4.936042882214622951e-01,2.743056994117070158e-01,4.954379535629025444e-01,4.874290180806929440e-01,4.953216775176123576e-01
4.991188105495416028e-01,4.984178078147603608e-01,4.959758062571171244e-01,4.885543100057794796e-01,4.823981030432067385e-01,4.906852853303672046e-01,4.817026419008645366e-01,4.984757793829814876e-01,4.943707524165615874e-01,3.478595643945711080e-01,4.984271916249399803e-01,4.910999906359848621e-01,4.952031676417975592e-01,4.784077857583825533e-01,4.974154549719749796e-01,3.512427323326941520e-01,4.601979893272799549e-01,4.971815124495918004e-01,4.818363988583553859e-01,4.975340468438765873e-01,3.427689711365693448e-01,4.757717492163862083e-01,4.828438263211271564e-01,4.802935756133650536e-01,4.889042091658006850e-01,4.712176513669515399e-01,4.781643055274194531e-01,4.908067153294097817e-01,3.591707953053359104e-01,4.898951341453132713e-01,4.962371183994550017e-01,4.980213606493276157e-01,4.905384119635908258e-01,4.964409925865710393e-01,4.703904436838711178e-01,4.539936998917618594e-01,4.981209618967362140e-01,4.983469075440786211e-01,4.651144853514820876e-01,4.950689907787755861e-01,4.944239639609756543e-01,4.891917340542882298e-01,4.748882666080754267e-01,4.471767952793720968e-01,4.888469100578989313e-01,4.948654547911433554e-01,4.859389843637659245e-01,4.970036312051671068e-01,4.727194246807813194e-01,4.960984606875649128e-01
4.998268324764377768e-01,4.995673783705848470e-01,4.990310107827525266e-01,4.912516811467664279e-01,4.373991950735375278e-01,4.910600807676193669e-01,4.377797946303997878e-01,4.996363234269634024e-01,4.968228369534381517e-01,4.489745671220605194e-01,4.996933088073204909e-01,4.909421656698789160e-01,4.965965081003482218e-01,4.367966969485056472e-01,4.989368889905310134e-01,4.472976084473914149e-01,4.542894549103793644e-01,4.994024934418948014e-01,4.377055906893400627e-01,4.982745141413627010e-01,4.340468660947289781e-01,4.796038377513143769e-01,4.383603713102021127e-01,4.371088554813076787e-01,4.978251344123564293e-01,4.775114156309599456e-01,4.343400403777756269e-01,4.945606636446178705e-01,4.527773113912647585e-01,4.921233047731579102e-01,4.954818718764144037e-01,4.995474121632794695e-01,4.942016121044403576e-01,4.983687448475417336e-01,4.295497756956719315e-01,4.499250081076315300e-01,4.995354285119945614e-01,4.995195046017077423e-01,4.741271768907384665e-01,4.989766348178791833e-01,4.983683282685937299e-01,4.935623622208711869e-01,4.836119537562610926e-01,4.553784918811418225e-01,4.973595268447603135e-01,4.981556560096663810e-01,4.952809108346132305e-01,4.991816218132472671e-01,4.783497741781675971e-01,4.981727334148172703e-01
4.999923160230331232e-01,4.999330911075590689e-01,4.998846840020944593e-01,4.979872886031206924e-01,4.465625733961814947e-01,4.973352211058926775e-01,4.468045271238582083e-01,4.999820397921762583e-01,4.994286396327248800e-01,4.966696571028842988e-01,4.999409685787517543e-01,4.975556429316924101e-01,4.989605217540276638e-01,4.467430990516172429e-01,4.998418049699208110e-01,4.889604584513611574e-01,4.871012425366149090e-01,4.999741451825727712e-01,4.467244204992094070e-01,4.984642114262146650e-01,4.933116603061344918e-01,4.950942661633125352e-01,4.469105616775661538e-01,4.466088688103112547e-01,4.999176244031982574e-01,4.947568873663800715e-01,4.448059919886480640e-01,4.987790568135124225e-01,4.983415946135938968e-01,4.984578411833855971e-01,4.981234014013840028e-01,4.999799303070668333e-01,4.990055932904570724e-01,4.974284089177651857e-01,4.451335836778594901e-01,4.862417380713100479e-01,4.999321957424417429e-01,4.998775125521267015e-01,4.846908041156620661e-01,4.999643151806690833e-01,4.996193429367574157e-01,4.911099721886866831e-01,4.970679859290016989e-01,4.892903688494416592e-01,4.917539730455350866e-01,4.996318276319217655e-01,4.839922422124266488e-01,4.997943209611456217e-01,4.948167446302816908e-01,4.995000581417423091e-01
4.999992191360655980e-01,4.999996325701217548e-01,4.999983485675268957e-01,4.999877265602871157e-01,4.993741978312271068e-01,4.999782028686606816e-01,4.994423261504128408e-01,4.999999755590751049e-01,4.999966756388790623e-01,4.999808354805477251e-01,4.999990489525430459e-01,4.999926017457738125e-01,4.999890563314394742e-01,4.994461112639499989e-01,4.999994550312236163e-01,4.994632266950612132e-01,4.999615918935488845e-01,4.999991358094610372e-01,4.994378218769715549e-01,4.999515813900465844e-01,4.999851293165058497e-01,4.999866926996670569e-01,4.994450390712617538e-01,4.994412702687559547e-01,4.999974645377376903e-01,4.999831902055156263e-01,4.994169405308974130e-01,4.999863976928184406e-01,4.999992845253680707e-01,4.999975101336657235e-01,4.999884128356718027e-01,4.999999776101092253e-01,4.999983944605824182e-01,4.999633667178716157e-01,4.993675901376527504e-01,4.999592784711096582e-01,4.999959040670786115e-01,4.999932315392307536e-01,4.995370769042085102e-01,4.999999632210429534e-01,4.999730061057160446e-01,4.998455520037716204e-01,4.999900579986640281e-01,4.999667557399112838e-01,4.996548561306515812e-01,4.999951864828693915e-01,4.994880935012831480e-01,4.999979209726292395e-01,4.999783332041221606e-01,4.999925721875763673e-01
4.996585628511597821e-01,4.999683536510650117e-01,4.998200271676751516e-01,4.986016194869581919e-01,4.650450142722009628e-01,4.970033504820727810e-01,4.690189038150749945e-01,4.999959694551490141e-01,4.999837094609634880e-01,4.969469648114600568e-01,4.998860330744993585e-01,4.998865359182987911e-01,4.986752879602719402e-01,4.694531481035183473e-01,4.998911939526717307e-01,4.576523305345698289e-01,4.994857304358186756e-01,4.996380391205560434e-01,4.680033978575195430e-01,4.938604671312182837e-01,4.986865186845662046e-01,4.998459059319322884e-01,4.691653161451506682e-01,4.692539250091805614e-01,4.997474784243519652e-01,4.996911404057834405e-01,4.673367421142111677e-01,4.976244975436023288e-01,4.988440091586213154e-01,4.999839455208028305e-01,4.994120811791256664e-01,4.999951048558451960e-01,4.999733299460428770e-01,4.964697674804359195e-01,4.693857699942090567e-01,4.994335477689106906e-01,4.996486888587929331e-01,4.982459022476549149e-01,4.568792232626683325e-01,4.999850555984564626e-01,4.984010794823884871e-01,4.810699577103783042e-01,4.998041095247317545e-01,4.995758128301734380e-01,4.588421686572114466e-01,4.997974447545301957e-01,4.390640211670844284e-01,4.997987660413009126e-01,4.982058168989850211e-01,4.986903339971165972e-01
4.975964508691259058e-01,4.996889730963979814e-01,4.989719705111139714e-01,4.948219824944899425e-01,4.288510634801678822e-01,4.865436925434947213e-01,4.627173434191595991e-01,4.998294990718834541e-01,4.997892512190370007e-01,4.536612192747406236e-01,4.993605188026098984e-01,4.996408694302632014e-01,4.950560805123432329e-01,4.656702606744342332e-01,4.990618561639845185e-01,4.272581368431361271e-01,4.991980153494956496e-01,4.972257534292767178e-01,4.591549223447731753e-01,4.578040811467872229e-01,4.595238039553515841e-01,4.997424216826980015e-01,4.645531486229880214e-01,4.645154060066616908e-01,4.964158455352981059e-01,4.990474016746941910e-01,4.601738428091023958e-01,4.908258412550895455e-01,4.596216292554653471e-01,4.996277693717338653e-01,4.992058322141695315e-01,4.997737443656447565e-01,4.995891552234384969e-01,4.937257445337441264e-01,4.658357463993574310e-01,4.994090907060822482e-01,4.982310923702100158e-01,4.912711141982704088e-01,4.606044530494827760e-01,4.993122273597472294e-01,4.934695515233973317e-01,4.521185022633437689e-01,4.987260576249276101e-01,4.989237081527953532e-01,4.641843927078324605e-01,4.993429478547065647e-01,3.934008993563890000e-01,4.993894707189110438e-01,4.914414500824409449e-01,4.943655809976511550e-01
4.955636176135876370e-01,4.985619522719388907e-01,4.965666484730976715e-01,4.936540665778939574e-01,3.868096361531467853e-01,4.838710242786192772e-01,4.822873581030264756e-01,4.989336680410571545e-01,4.988314141648992894e-01,3.544827004870737541e-01,4.980910611839540203e-01,4.987763069354301249e-01,4.948880307445653881e-01,4.868479961844284221e-01,4.975324846439965754e-01,3.600816338687251039e-01,4.976735638152360863e-01,4.938254650978364246e-01,4.806095397552184734e-01,3.946658820583857641e-01,3.669686371731974983e-01,4.988752109911716026e-01,4.869195103996710738e-01,4.850117771655215182e-01,4.863651028144765909e-01,4.972366836104246124e-01,4.832011371144434575e-01,4.909577482646620972e-01,3.666496801497351465e-01,4.974071173105303889e-01,4.985093457792503790e-01,4.985658965442212875e-01,4.978569860684318171e-01,4.942854486372915135e-01,4.872873465951812477e-01,4.983477913608052035e-01,4.969421546982702442e-01,4.889996871728775618e-01,4.869781534002316503e-01,4.958870140957901684e-01,4.916618778654893718e-01,4.767826576693091067e-01,4.955042736007898574e-01,4.974213542086715623e-01,4.874588520748855958e-01,4.974823002259260996e-01,3.768219149880567276e-01,4.979976008606265547e-01,4.877956967190891224e-01,4.929887704461068942e-01
4.970642719793428865e-01,4.974279128085412616e-01,4.938146817233995400e-01,4.891952700398278786e-01,3.455251766229116006e-01,4.923164009335125879e-01,4.579498026607126127e-01,4.977854153367201606e-01,4.968162413947209699e-01,3.977272508719140731e-01,4.970518281722232645e-01,4.964769939467961746e-01,4.971459996857980901e-01,4.577398921346018668e-01,4.968420891629404812e-01,4.231185701555711387e-01,4.901324443040754875e-01,4.939369030316776432e-01,4.597427296443619693e-01,3.708327024325832610e-01,4.217689616754354276e-01,4.962848050702438618e-01,4.613860402585129306e-01,4.582817810468264863e-01,4.793507676555180397e-01,4.927387494793704081e-01,4.580100746346245644e-01,4.930882498499321587e-01,4.221744428844282915e-01,4.898784366849985306e-01,4.968963852481037557e-01,4.970416678497640572e-01,4.930649953368145266e-01,4.924649375298438825e-01,4.531425551625789527e-01,4.873011860699152931e-01,4.968729232677915886e-01,4.957570652606820838e-01,4.937003858102866904e-01,4.920007079633192393e-01,4.926680280997173811e-01,4.891043360324863198e-01,4.835655912373642562e-01,4.906872463258041273e-01,4.943698358161268125e-01,4.940929378075737399e-01,3.669138923748570535e-01,4.956441964725565863e-01,4.908361712361982709e-01,4.954386351839073499e-01
4.990601123837847264e-01,4.982956282371573398e-01,4.952908513796431822e-01,4.819688073933532380e-01,4.218987987130979889e-01,4.860138071091275047e-01,4.821950814784606854e-01,4.983084132414924428e-01,4.950665995188903157e-01,4.694284052979073585e-01,4.981247080709613195e-01,4.899597045419057384e-01,4.944320863260501797e-01,4.788695234458459904e-01,4.975284689646951031e-01,3.613888620431062182e-01,4.557487352410616310e-01,4.969298508052377716e-01,4.803246535814942875e-01,4.310009404816794176e-01,4.766703404820786805e-01,4.848009061579743872e-01,4.830749950501674328e-01,4.813606872922768232e-01,4.881146489767847485e-01,4.800404019905353259e-01,4.764504828903000089e-01,4.856656972097780356e-01,4.900500790582911215e-01,4.852077592051824428e-01,4.976839568290864491e-01,4.977962375410227014e-01,4.893362369807434109e-01,4.970124680540866091e-01,4.668881745593822519e-01,4.481643179979224456e-01,4.975278367188732398e-01,4.963516459733081643e-01,3.541537695034497890e-01,4.945271229542939073e-01,4.915715703265455816e-01,4.568367179675669187e-01,4.706754641970736786e-01,4.634803795029522333e-01,3.668680296909921368e-01,4.943609322262244032e-01,2.977384027923256626e-01,4.964013031970270218e-01,4.801584940053401085e-01,4.946675599536763390e-01
4.975422316456792893e-01,4.997403198909982636e-01,4.990801570224001060e-01,4.888754738560933677e-01,4.812844490829817357e-01,4.752687097668555349e-01,4.824156966824100778e-01,4.997820956167342565e-01,4.961576285638700234e-01,4.104416848375325166e-01,4.996044026324441556e-01,4.883893311918586222e-01,4.917658632679117181e-01,4.842362042971175562e-01,4.981524893280357413e-01,2.136004717735472125e-01,4.412452415264182526e-01,4.972344314836401602e-01,4.777024460710382336e-01,4.942049375812191947e-01,3.932266011257832261e-01,4.764328444920659655e-01,4.846278194061080513e-01,4.837222958313810439e-01,4.977337557688712444e-01,4.735225308472820194e-01,4.772094105277285836e-01,4.855062990956790503e-01,4.133785616339792357e-01,4.944965449978636629e-01,4.991653491331797809e-01,4.997684146670766103e-01,4.940855326253211222e-01,4.924275633821326714e-01,4.779321949547388204e-01,4.370092682286871311e-01,4.981236015490410063e-01,4.901414002099502842e-01,2.452352995190109075e-01,4.996395212978917422e-01,4.924138649622656905e-01,4.653913303159489812e-01,4.819831312776862720e-01,4.483067361926131866e-01,2.602089361698718406e-01,4.983889131234708891e-01,2.471214983873047666e-01,4.995175331394206553e-01,4.668009857416438591e-01,4.927567552528174799e-01
4.959592459361701344e-01,4.989104474760021612e-01,4.977999276906204806e-01,4.956943744106873107e-01,3.762016775712546668e-01,4.850136802041146167e-01,4.038356663336064023e-01,4.993444982284378497e-01,4.984135504558530605e-01,4.450636868394592938e-01,4.985711386479250717e-01,4.964900700119433963e-01,4.951373300539214095e-01,4.079166712187486943e-01,4.977528462843183177e-01,4.462594597745203062e-01,4.827246093077858236e-01,4.947501827775286354e-01,4.037712964580507657e-01,4.605092557323485214e-01,4.461218801601002926e-01,4.887851221200556484e-01,4.077623673270547866e-01,4.056141452522692425e-01,4.893499249148109409e-01,4.876184469962856483e-01,4.039051642776373963e-01,4.948307365664320612e-01,4.556041207029290496e-01,4.982064537992930697e-01,4.975664672149201495e-01,4.991139881131743117e-01,4.985306618970983261e-01,4.841065574715163744e-01,4.079230056302041718e-01,4.838762996737739353e-01,4.977981559065656203e-01,4.912555090589191265e-01,4.783655346434289024e-01,4.972888795767165249e-01,4.947262620857457160e-01,4.928250571990683282e-01,4.974460524565694763e-01,4.773221805269083906e-01,4.903594146261676112e-01,4.982483144803527275e-01,4.550718302910942703e-01,4.987019444941123703e-01,4.798358170519612109e-01,4.944303539039279216e-01
4.971922690156834745e-01,4.974794074328467430e-01,4.939862039689004169e-01,4.861573464124449018e-01,3.319964350854099355e-01,4.927086547999073862e-01,4.273380814448881626e-01,4.978736027305307732e-01,4.973637565536855321e-01,4.664913299131302482e-01,4.970968007024019197e-01,4.964544490935513532e-01,4.974281217528891408e-01,4.275767149853538229e-01,4.970560267899032936e-01,2.319972827900975698e-01,4.888394141705909024e-01,4.941571451329922482e-01,4.292827808934225331e-01,3.818536446751608082e-01,4.957608309123558432e-01,4.977099526932267093e-01,4.306519094988328633e-01,4.277926824410818729e-01,4.797249411835718957e-01,4.946349390334248697e-01,4.277524860208078428e-01,4.928795234970958505e-01,4.950208776761338414e-01,4.867047673454736323e-01,4.963165129156424382e-01,4.971471163225502643e-01,4.926811971102494914e-01,4.933959909978370972e-01,4.205485165481308019e-01,4.855146868179699426e-01,4.970076477107713275e-01,4.963090868339410933e-01,2.313402613255115259e-01,4.922044766297890561e-01,4.931957717899419502e-01,4.864487154536253355e-01,4.825912851002169823e-01,4.930059349095937127e-01,2.310612881598782808e-01,4.943616753508338624e-01,1.753221917963289356e-01,4.957156945331109843e-01,4.928539736273412908e-01,4.957699702059504832e-01
4.988754005157445270e-01,4.980399343936018353e-01,4.949495612666691136e-01,4.836293092092517898e-01,3.609727378049898405e-01,4.865490159095302025e-01,4.751925497924486264e-01,4.981096863323720703e-01,4.949037254776205152e-01,4.679139198287877166e-01,4.979503333744048632e-01,4.873852093860145951e-01,4.960231372765123714e-01,4.721469160290531208e-01,4.972630712450337720e-01,2.259896170033544593e-01,4.423075959668501533e-01,4.964336914127451816e-01,4.753831797624570310e-01,3.756985552785889748e-01,4.748348001035740951e-01,4.840441610412114515e-01,4.768634111455647973e-01,4.744796465215237458e-01,4.857874530884163655e-01,4.793596196931189657e-01,4.728598504300625116e-01,4.884053828714486900e-01,4.887371288261320723e-01,4.848505923424077380e-01,4.979018089592453511e-01,4.975239302130556318e-01,4.884700944668688427e-01,4.922082028501826301e-01,4.605479917078965646e-01,4.347495200989035524e-01,4.976504878336061588e-01,4.979770851494022543e-01,2.228846106798409166e-01,4.937198939954275945e-01,4.933028386416530853e-01,4.879690822506135284e-01,4.684120585407078874e-01,4.617268436652973151e-01,2.296421621828594051e-01,4.941769070585287915e-01,1.720818437875609175e-01,4.962976408142305007e-01,4.806984002403306699e-01,4.959969986559504274e-01
4.996904435141924505e-01,4.993526811964974499e-01,4.983997945907091554e-01,4.936221466685660753e-01,3.578549794956518704e-01,4.887187462961005147e-01,4.076278365719732677e-01,4.993682956486350522e-01,4.958884028233320196e-01,4.879035428881763892e-01,4.994765367181950300e-01,4.886074784862690645e-01,4.962476816385775757e-01,4.059648056437122898e-01,4.985138636943739487e-01,4.619463657054228012e-01,4.432802805163109650e-01,4.989417016134621852e-01,4.074943634187396801e-01,4.383792234875947269e-01,4.710655856457642843e-01,4.773584963228967859e-01,4.081345225842208935e-01,4.067709403622741249e-01,4.961001106125790816e-01,4.744251335505346723e-01,4.047990101342341385e-01,4.941637119189339344e-01,4.933064820943943163e-01,4.947623626749310111e-01,4.987094276750130839e-01,4.992050693414424867e-01,4.937606273719084560e-01,4.829386041819972442e-01,4.015748537062764356e-01,4.389881985174662327e-01,4.992375625195043520e-01,4.991826721033471026e-01,4.480796475704605375e-01,4.981626757622316104e-01,4.974029632260564271e-01,4.920799951366081615e-01,4.820359955772567928e-01,4.512299597912173832e-01,4.709624293390547445e-01,4.971975229305269917e-01,4.116054918240301119e-01,4.986001279471359293e-01,4.755824527415480896e-01,4.976635270476562067e-01
4.999786000043436318e-01,4.998903552096808922e-01,4.997767651007116174e-01,4.987974043570448379e-01,4.010817774359389798e-01,4.966475448203565013e-01,4.115329500938074703e-01,4.999422127080093703e-01,4.987764280432600561e-01,4.736915401494297684e-01,4.999480460579848184e-01,4.969197847015158209e-01,4.982180440299890378e-01,4.111669039931443170e-01,4.996475709182663927e-01,4.725754795772706962e-01,4.839268805210029112e-01,4.999184047726495383e-01,4.114355099213815037e-01,4.870361114462024021e-01,4.657158171492808418e-01,4.905470473459719316e-01,4.115695830122138021e-01,4.110791600508622579e-01,4.997232650192341419e-01,4.897925082805789088e-01,4.095644717241892496e-01,4.986802744145952815e-01,4.747563218269971186e-01,4.996283899878199986e-01,4.986555910066227670e-01,4.999335574704088514e-01,4.989628036152677359e-01,4.917553032935747526e-01,4.104660448228703573e-01,4.832358931860950002e-01,4.998727653523224457e-01,4.998002562312031660e-01,4.881530827907509806e-01,4.998733110726603646e-01,4.993395015655939240e-01,4.849792853032152129e-01,4.970490501192182942e-01,4.803767519755921533e-01,4.997401615924463858e-01,4.992331702145572092e-01,4.747794155767525170e-01,4.995937262002640988e-01,4.900167879806159310e-01,4.990745875530844256e-01
4.999887276025459792e-01,4.999931030142162336e-01,4.999770252321459885e-01,4.998417269113408223e-01,4.912127573996068475e-01,4.997087794693267360e-01,4.915704465886147068e-01,4.999997543092697394e-01,4.999558077131925904e-01,4.962793487555838268e-01,4.999913693112816304e-01,4.999233366258764577e-01,4.998062186891417680e-01,4.915759368564029397e-01,4.999860865529357490e-01,4.958130787577559873e-01,4.995888007288185051e-01,4.999880940639976901e-01,4.914840525926121306e-01,4.994715132301154603e-01,4.960941990646418054e-01,4.995659947258901945e-01,4.915649083245913209e-01,4.915473842846985186e-01,4.999912120158643836e-01,4.995287478426132521e-01,4.912636786379422360e-01,4.997793233552585423e-01,4.965253649406162206e-01,4.999996777463120434e-01,4.997960935767842283e-01,4.999997574279316792e-01,4.999852752904732078e-01,4.996520832441703752e-01,4.914253109088377869e-01,4.995787901269789777e-01,4.999684248889080251e-01,4.998893489413118174e-01,4.987064056770929010e-01,4.999997607134201716e-01,4.998314362662256150e-01,4.971721141208586547e-01,4.999545583880034560e-01,4.991104192652653926e-01,4.995665171696659357e-01,4.999460425587444745e-01,4.966146362604288433e-01,4.999611258511129086e-01,4.994472772089560975e-01,4.998618099394007697e-01
4.998507769753293695e-01,4.999815451920280873e-01,4.999103932217723867e-01,4.993285171664522126e-01,4.872364718799993000e-01,4.986118914062814822e-01,4.873343005342253842e-01,4.999992206562316466e-01,4.999774309043674703e-01,4.938053129487828818e-01,4.999517839005584441e-01,4.999753495681774074e-01,4.993218572248536713e-01,4.875284929705365755e-01,4.999506040466206169e-01,4.811539518725829190e-01,4.999190796905091383e-01,4.998435500962492006e-01,4.868183843564065083e-01,4.989307868010509628e-01,4.944629749487306491e-01,4.997122615823790248e-01,4.873877605183188910e-01,4.874298974377439531e-01,4.999050895291215491e-01,4.996320435782785618e-01,4.863904545573052296e-01,4.988592958753297890e-01,4.947481967012217208e-01,4.999932631752587175e-01,4.993681624426146715e-01,4.999990812954615005e-01,4.999883126461765470e-01,4.997224404433840417e-01,4.873872824050481389e-01,4.998956682828489817e-01,4.998297611601729695e-01,4.991794902341581408e-01,4.851894345506244655e-01,4.999975647581077487e-01,4.992199297222419951e-01,4.909407106314138125e-01,4.999111069036388799e-01,4.993676898696163269e-01,4.865722689604055629e-01,4.999032922562298697e-01,4.783777021543109687e-01,4.999104815406123503e-01,4.989425905176699816e-01,4.993651248955179867e-01
4.982465780918715059e-01,4.998051244078773880e-01,4.993479087315267906e-01,4.953920777620360316e-01,4.793405594352346810e-01,4.898515008912407986e-01,4.788192953794926376e-01,4.999233706737141736e-01,4.998931387550904493e-01,4.907416826303504509e-01,4.995175261832002778e-01,4.997835849817628406e-01,4.961883426297027389e-01,4.811019696348639019e-01,4.993660225622044146e-01,3.698662724183108264e-01,4.995533385808978988e-01,4.980460253693504979e-01,4.758843106454161420e-01,4.939375649646727262e-01,4.968665834013608618e-01,4.998829934400794706e-01,4.801501882573531721e-01,4.801662301005851785e-01,4.978745404981286260e-01,4.994097099557792685e-01,4.746877944400487159e-01,4.930226826771868520e-01,4.969633347495351350e-01,4.990282038763155237e-01,4.971300237845399095e-01,4.999005674929413168e-01,4.997446781348625633e-01,4.980841068017817230e-01,4.803443911167274982e-01,4.995638599156145276e-01,4.987170870564452407e-01,4.933846616424891751e-01,3.679686269688082767e-01,4.996897876040228281e-01,4.950721658382387647e-01,4.649054579802079923e-01,4.991219025249364338e-01,4.992578227440147010e-01,3.718121816811476577e-01,4.996544501922954296e-01,3.490707434524197295e-01,4.996640897095570022e-01,4.936451864757199770e-01,4.958208224303457534e-01
4.960548667766680464e-01,4.989637436750306576e-01,4.975923703058970915e-01,4.886105599403209876e-01,4.896547689494405997e-01,4.853042159099543729e-01,4.869300505681121161e-01,4.992904943696811482e-01,4.992161901953047765e-01,4.806168745406868559e-01,4.983717058215356710e-01,4.989708531972467664e-01,4.953939031569714047e-01,4.917078815486717880e-01,4.980083631641693542e-01,4.102402952867333918e-01,4.975253156345026406e-01,4.948186113087810201e-01,4.852608631933688077e-01,4.923653568588301499e-01,4.959273350426407490e-01,4.989314059945358371e-01,4.912765130605575847e-01,4.895704779053304811e-01,4.896590265828679733e-01,4.978085937985253784e-01,4.844435916410698151e-01,4.911033121988537808e-01,4.961929668612214406e-01,4.919906173440031227e-01,4.970795350593022466e-01,4.990453310820413546e-01,4.974365056263359564e-01,4.951234903907377194e-01,4.858685463812933425e-01,4.969666890199981313e-01,4.975204082599054001e-01,4.900130711014730744e-01,4.074411242171597780e-01,4.971874595661898710e-01,4.929403820195069619e-01,4.803176965322241143e-01,4.942878616106077816e-01,4.963143843566997782e-01,4.112511406405178205e-01,4.983865876416121443e-01,4.009817350637282507e-01,4.986868156760042026e-01,4.889801380420593646e-01,4.939439063860739942e-01
4.968580412458010742e-01,4.976475208049719878e-01,4.944425133681635831e-01,4.827581373514663876e-01,4.725343464681514560e-01,4.892577458658696754e-01,4.732046054403352686e-01,4.980448781889152965e-01,4.977390691055588179e-01,4.671678154149727091e-01,4.971632432020517967e-01,4.942791750243658022e-01,4.973573898960274575e-01,4.749038685944915739e-01,4.971184999465125820e-01,4.726397797577564508e-01,4.776439120040429365e-01,4.940039054354333214e-01,4.752609986809733789e-01,4.904700484673719107e-01,4.949448300702611325e-01,4.981978650351866489e-01,4.777164937779331821e-01,4.745032287086835554e-01,4.803517024242054401e-01,4.955507152561043349e-01,4.747849698641471994e-01,4.906998062209178557e-01,4.944018732314680031e-01,4.832957184030786668e-01,4.978247348389764348e-01,4.973694749508889013e-01,4.908948727898736486e-01,4.896518013591501517e-01,4.635732672313176983e-01,4.725738368246170107e-01,4.970587977504934418e-01,4.954624995966277479e-01,4.732078940374274678e-01,4.927177007750217497e-01,4.933866803024380410e-01,4.910280401239506265e-01,4.773722636380114404e-01,4.917358992748391278e-01,4.721514662307223498e-01,4.950467162653230391e-01,4.643599678877762815e-01,4.962121057293398252e-01,4.926039349554888203e-01,4.956054115585946107e-01
4.988654393693954803e-01,4.978508987832302446e-01,4.942662590264930156e-01,4.877236261196837841e-01,4.656432410220939233e-01,4.824062379746329454e-01,4.945882576050778523e-01,4.979516470145119444e-01,4.959752619842791033e-01,4.038780471225207336e-01,4.977129250312815056e-01,4.855755391808638244e-01,4.957253905911092051e-01,4.917155601155812628e-01,4.974695489624834654e-01,3.970328665249078792e-01,4.336323496273708500e-01,4.962080006846497082e-01,4.934760368518661955e-01,4.633017570894396031e-01,4.210789915111640136e-01,4.929559252380219525e-01,4.962141265189221051e-01,4.944615393864739694e-01,4.846124922002134627e-01,4.885144575691195423e-01,4.919253018649164533e-01,4.851570297962947143e-01,4.253821269910385006e-01,4.900283059551746034e-01,4.963005404618180405e-01,4.972960214324371186e-01,4.879132189215155124e-01,4.741878004872092101e-01,4.854905385600473133e-01,4.255799423237525136e-01,4.971711527771708328e-01,4.968055913733637197e-01,4.557324560654159584e-01,4.930793259451621280e-01,4.914857193151995762e-01,4.677327975127966719e-01,4.658549972614981494e-01,4.787273827306174345e-01,4.614182668663416309e-01,4.939652155775016151e-01,4.102015523517609230e-01,4.958575786102690230e-01,4.887958939301106920e-01,4.951750218330643327e-01
4.979278101090902631e-01,4.994566526588994360e-01,4.983251640424773421e-01,4.946543851629542909e-01,3.912658344024385060e-01,4.766887427498095464e-01,4.516443982727681439e-01,4.994354064028410645e-01,4.957606586401567261e-01,3.724839044036603042e-01,4.992958023447433002e-01,4.872452935216579628e-01,4.931213887321183598e-01,4.514109927650050147e-01,4.980335204369449875e-01,3.515713300621633453e-01,4.365513987876956103e-01,4.972519432076649148e-01,4.475405634661623888e-01,4.262692551472479496e-01,3.647775422740247575e-01,4.809811109871556800e-01,4.528908753628463901e-01,4.521822462989178448e-01,4.963278837115530640e-01,4.773775577834260542e-01,4.437098457956240027e-01,4.881688941515702207e-01,3.792142063742111602e-01,4.995345466194959227e-01,4.954462394072820519e-01,4.993242790987262314e-01,4.952413727889692918e-01,4.759622487923493850e-01,4.505446909315829473e-01,4.333203646621615057e-01,4.980607607849119600e-01,4.913875174647145405e-01,4.407403553205745950e-01,4.986354025776907894e-01,4.922613842085236113e-01,4.763524805289714448e-01,4.846003645985776931e-01,4.587152997172935787e-01,4.648900161648251150e-01,4.974093609355053069e-01,3.914854313701734978e-01,4.988336163018703417e-01,4.724162905916958755e-01,4.937291165267072013e-01
4.963963985297042414e-01,4.993800705198818135e-01,4.989729448184393457e-01,4.886693924723707894e-01,3.142631075935272689e-01,4.879840326877252776e-01,3.576334649701090052e-01,4.997062248527486261e-01,4.976497075331560715e-01,4.793962864821605385e-01,4.988950892715631746e-01,4.979633357576618846e-01,4.950814365513379056e-01,3.608201613103629857e-01,4.979242277680329121e-01,3.200590858687843987e-01,4.898050699414758791e-01,4.957283314027485788e-01,3.576857936917868797e-01,4.329196054844361985e-01,4.717451942482199789e-01,4.826175446961715743e-01,3.607185004875756440e-01,3.586846575235489998e-01,4.930390902532714170e-01,4.812265416567997334e-01,3.543940123309719525e-01,4.959395170720250490e-01,4.885906952364215683e-01,4.911549663126104637e-01,4.969792121432153875e-01,4.996222011206361557e-01,4.986881798078648398e-01,4.943887433842029666e-01,3.546827074182620221e-01,4.904729017528877133e-01,4.984516940832923737e-01,4.922198068837586038e-01,3.140057335688486440e-01,4.987653705603067866e-01,4.959081543549924143e-01,4.919585625264346063e-01,4.984364513641068584e-01,4.646622749385321272e-01,3.290726411992465628e-01,4.986702972090333863e-01,2.880886356506475177e-01,4.992377975845067040e-01,4.745334269491472412e-01,4.950785285358429433e-01
4.972391285213700329e-01,4.977851740844471129e-01,4.948384999820005792e-01,4.842178935658257855e-01,4.018784021363060455e-01,4.909148512058724156e-01,4.142982356689833834e-01,4.982253235748912434e-01,4.981290663302160859e-01,4.021872301175563047e-01,4.972880030938436335e-01,4.948408499527773285e-01,4.972741529808875627e-01,4.160647926533737606e-01,4.974115067821550107e-01,4.067273367107896442e-01,4.793175675809409619e-01,4.945988565069011078e-01,4.165631339494528240e-01,4.771431989377060701e-01,4.233782821250490214e-01,4.964207843882215698e-01,4.181578176681832737e-01,4.152175390142394673e-01,4.814485251232201168e-01,4.943082382727134183e-01,4.155688284525352327e-01,4.909968787479286889e-01,4.246823799917839315e-01,4.847277455399842672e-01,4.978319432978546843e-01,4.975949525370481075e-01,4.907884667759779829e-01,4.825807486202539631e-01,4.070903244078404315e-01,4.739546508791357415e-01,4.973754305663894981e-01,4.967313947491915349e-01,4.729301770574129704e-01,4.932135454227747906e-01,4.943199393868409897e-01,4.796853475891888485e-01,4.773962829417344733e-01,4.878827783878399993e-01,4.743340431893950382e-01,4.953525636884923977e-01,4.424132370630687316e-01,4.963266758603810391e-01,4.920229335236832036e-01,4.959925384343448762e-01
4.986707774063702803e-01,4.977222903545630017e-01,4.941228317427610039e-01,4.913506438019304978e-01,4.674332492238469916e-01,4.826020163301951715e-01,4.689604877126402616e-01,4.978510171177863985e-01,4.959517409920614628e-01,3.250409993799767694e-01,4.975686592579832146e-01,4.840434604700428189e-01,4.967283248028315223e-01,4.665608377081437164e-01,4.973022309125244012e-01,1.959450296569381078e-01,4.255387006388907101e-01,4.958370723189627904e-01,4.692247805127763294e-01,4.917602159159742414e-01,3.387461471806706981e-01,4.925835788974590179e-01,4.710770581095464205e-01,4.689204463047008664e-01,4.831485742274048700e-01,4.882715425610312243e-01,4.686048131023216046e-01,4.872023016901048109e-01,3.423778371614160654e-01,4.924153896454546708e-01,4.978125809801232093e-01,4.971552686101916585e-01,4.877380091257330630e-01,4.670112430601289222e-01,4.632314318731409197e-01,4.178129593491358706e-01,4.972507105931288640e-01,4.977050920378096044e-01,2.797559798840762446e-01,4.926306951120036359e-01,4.925787834930673292e-01,4.861963308249515614e-01,4.654796149586373222e-01,4.781073747773261218e-01,2.822308079778209078e-01,4.939085251832724954e-01,2.753634232398592951e-01,4.958143152890912564e-01,4.891383227638406717e-01,4.959771382313808985e-01
4.995064970305328478e-01,4.990484587410027872e-01,4.975400421354916336e-01,4.974134009938375733e-01,3.488399518395625121e-01,4.873106357397697930e-01,3.723163115589045447e-01,4.990248563333353204e-01,4.954383466411571568e-01,4.369736856541787118e-01,4.991426602319148365e-01,4.872964486934133754e-01,4.964789015521591797e-01,3.700683596473198778e-01,4.981660491767824772e-01,2.206314209391284642e-01,4.377484001574388772e-01,4.983299788499407912e-01,3.721093452906610866e-01,4.671854369736204715e-01,4.273419908837937653e-01,4.798266743261770939e-01,3.726634578933710751e-01,3.714052571516110457e-01,4.937644080553112991e-01,4.762061495767883623e-01,3.697473927355100498e-01,4.945688642724538897e-01,4.445912865804719227e-01,4.987075395523235533e-01,4.987840529620005126e-01,4.987580325031328310e-01,4.942291972285177137e-01,4.826061252474327379e-01,3.694429161954919660e-01,4.342090138849770686e-01,4.988450165014684523e-01,4.987565854464761639e-01,2.380843604729952767e-01,4.970635152686311842e-01,4.962565955567863618e-01,4.912773879417887124e-01,4.829529553029069944e-01,4.570141210254669017e-01,2.484113613302654788e-01,4.961841973714316012e-01,2.313090551314274934e-01,4.978577956905760327e-01,4.775789761688196688e-01,4.973683361140545656e-01
4.999435755704176310e-01,4.998256906375639352e-01,4.995800762737411249e-01,4.986110301905040121e-01,3.416141990167934073e-01,4.964990055398056934e-01,3.696711099151574476e-01,4.998557608642070216e-01,4.979257650284797942e-01,4.971632313783766466e-01,4.999104534476978556e-01,4.967795638442598083e-01,4.975167432279288260e-01,3.688634072485353910e-01,4.993724663602697178e-01,4.601312567904498607e-01,4.836338013439812067e-01,4.997891853472221091e-01,3.695670188934843670e-01,4.627042557129741329e-01,4.840363697348765704e-01,4.859400122585894044e-01,3.695939942961718461e-01,3.689347001229853484e-01,4.992743589703805829e-01,4.845774267681776659e-01,3.677247781762822965e-01,4.987613926923938901e-01,4.979232025800556238e-01,4.998787936913300922e-01,4.996329757617888334e-01,4.998301937074817736e-01,4.990791038246918943e-01,4.975826423486197636e-01,3.682616788767519855e-01,4.833042979059049005e-01,4.997776414627236874e-01,4.996824194340745984e-01,4.498791848161948215e-01,4.996587195050615215e-01,4.988720434539180570e-01,4.774917574953962962e-01,4.975871087647733559e-01,4.716640111086397025e-01,4.646614137675798561e-01,4.986276525401804882e-01,4.132053333944575857e-01,4.992649664345449878e-01,4.850735162385253485e-01,4.985884675547411771e-01
4.999726022796991964e-01,4.999806656800546700e-01,4.999303472009269944e-01,4.994853683133015920e-01,4.669066531623315974e-01,4.992509561181735500e-01,4.759892439422523380e-01,4.999974268172499015e-01,4.997866194705046228e-01,4.997138548806219216e-01,4.999892353417079160e-01,4.998777392781969531e-01,4.993350100266077951e-01,4.759514668175826579e-01,4.999366544488630937e-01,4.994580255947411729e-01,4.993636766069822208e-01,4.999694847267169839e-01,4.757388129081127626e-01,4.903396463386038295e-01,4.980397974243865322e-01,4.980482212668432829e-01,4.759517824257403773e-01,4.758813271702236336e-01,4.999760196634792098e-01,4.978922175928817140e-01,4.753617635084064763e-01,4.993447452064326830e-01,4.999836463415181509e-01,4.999884307028590880e-01,4.998412664990960486e-01,4.999974506441277611e-01,4.999622470955300546e-01,4.999111120160120714e-01,4.756461165089739263e-01,4.993784581534099765e-01,4.999100032777592517e-01,4.996795974456147427e-01,4.972027610071748649e-01,4.999968809351411636e-01,4.995290535608897242e-01,4.910021220314099155e-01,4.999415897612194959e-01,4.960607054579798669e-01,4.999318016005938059e-01,4.998120696201776569e-01,4.823445781349894879e-01,4.998757766982075412e-01,4.976810086733827188e-01,4.995348100561570748e-01
4.999600162584124652e-01,4.999940195312138069e-01,4.999720294652044705e-01,4.997381155485133286e-01,4.950558575231343017e-01,4.995925590323320176e-01,4.969753076014848392e-01,4.999998903961204166e-01,4.999799107495314643e-01,4.995440105822259724e-01,4.999903430258925696e-01,4.999945708447269821e-01,4.997776252185816004e-01,4.970267985393644339e-01,4.999842575323329430e-01,4.995561965451547626e-01,4.999917764652521135e-01,4.999581829260162369e-01,4.968175999178415236e-01,4.978382290239409813e-01,4.995366851943262576e-01,4.997962408966119541e-01,4.969867835939089096e-01,4.969962803205658086e-01,4.999722132676278075e-01,4.997643697411794372e-01,4.967249346166993651e-01,4.996612861276878426e-01,4.997428934619933538e-01,4.999397825331014511e-01,4.998913827146574396e-01,4.999998569697320372e-01,4.999953396001818873e-01,4.999552428054895858e-01,4.967328020718644321e-01,4.999894340007351445e-01,4.999440191550069690e-01,4.997631415984780112e-01,4.992651995925125874e-01,4.999997225624289166e-01,4.997420864676709318e-01,4.973441817998726089e-01,4.999712230007167801e-01,4.995725215577128675e-01,4.999010262645322000e-01,4.999650297314603975e-01,4.955352316916446509e-01,4.999754389457997106e-01,4.995685641489486239e-01,4.998045304799939026e-01
4.988110215985432916e-01,4.998715583209671909e-01,4.995863241027872492e-01,4.946459482544866004e-01,4.716106005024137682e-01,4.928782158920458900e-01,4.893037164614124634e-01,4.999701062005903474e-01,4.999362463757529018e-01,4.702741729441722862e-01,4.997061740532211527e-01,4.998748550303284688e-01,4.972305284602694386e-01,4.909144958281632665e-01,4.995949894451170992e-01,4.372881144590667901e-01,4.997741995736939002e-01,4.987093344300756459e-01,4.870835011264675884e-01,4.769792584715699113e-01,4.742208714123026803e-01,4.996518064124590430e-01,4.901944186139592374e-01,4.902726878292623658e-01,4.988214322312397586e-01,4.993400747574488485e-01,4.856659652741711630e-01,4.949561452983592957e-01,4.745961372240738996e-01,4.972010515106885520e-01,4.973917954730557867e-01,4.999628785462859049e-01,4.997428014557792064e-01,4.978156168037120577e-01,4.880786262388006613e-01,4.996400135906355899e-01,4.991144808275840283e-01,4.953362646745864128e-01,4.566320713332743253e-01,4.998826934564351010e-01,4.965577847827252200e-01,4.761673860308217598e-01,4.991643171972202087e-01,4.988024307842643390e-01,4.609536723110326251e-01,4.998249668040907756e-01,4.257234098989506332e-01,4.998262490806827940e-01,4.952924863383865728e-01,4.970888082927633067e-01
4.966233737475595489e-01,4.992703274341039887e-01,4.984005829430384060e-01,4.873526466170530203e-01,4.781247456996367551e-01,4.866404649637679491e-01,4.906653224688947157e-01,4.995685381594320851e-01,4.994834004603540545e-01,3.861762809387966344e-01,4.986571308210173137e-01,4.986427756860831728e-01,4.960237560819991121e-01,4.953029148921177516e-01,4.984466583322554323e-01,2.188023405346715411e-01,4.950376441567581054e-01,4.958029222678055903e-01,4.890430292953031333e-01,4.747152431851575094e-01,3.980373035529931047e-01,4.993255314693686442e-01,4.946086463672607625e-01,4.931845704217333037e-01,4.925987181966930972e-01,4.985541639708229167e-01,4.846890309484765402e-01,4.911784301859016821e-01,3.984636425182823682e-01,4.903159769876781482e-01,4.930104361815074165e-01,4.994228920574462216e-01,4.967705748207962291e-01,4.843848241120204956e-01,4.869261498413588463e-01,4.931120735618070294e-01,4.980542875935224933e-01,4.912446013444910498e-01,2.687579087794235155e-01,4.982506942044893083e-01,4.941627828101587405e-01,4.839974957035773073e-01,4.921771936792448954e-01,4.958234025306541004e-01,2.732431676179754576e-01,4.990593476835569198e-01,2.597230881791213752e-01,4.992139614420684768e-01,4.906923196976335499e-01,4.949783395503500327e-01
4.967990089210737037e-01,4.979961169779332231e-01,4.953880027762457283e-01,4.901533102238775919e-01,4.865209471460804624e-01,4.860664819269126524e-01,4.843053912444487685e-01,4.984055342741671168e-01,4.983255913449294860e-01,4.098802466335554895e-01,4.972498154615805910e-01,4.916760068896102176e-01,4.973157814739866955e-01,4.876167212441398502e-01,4.974222663355081786e-01,3.032113019798364784e-01,4.627615284282544095e-01,4.943772065764482360e-01,4.865032751788817555e-01,4.899373997393923208e-01,4.337093012417926885e-01,4.980655182196128683e-01,4.895776991172733905e-01,4.861411087242694662e-01,4.824799454502507468e-01,4.961514581198800400e-01,4.831558822356328275e-01,4.892240460870106999e-01,4.342065600933358027e-01,4.906791036497692993e-01,4.931754819196009221e-01,4.978423500307530558e-01,4.895950745580729957e-01,4.668013945067761017e-01,4.825350285618989488e-01,4.561254555394146926e-01,4.974106451589806466e-01,4.953330877524254605e-01,3.429670587629269907e-01,4.938711779016619063e-01,4.941359527670658447e-01,4.923894789211440970e-01,4.731842363870847334e-01,4.893584187119446871e-01,3.453208977935449675e-01,4.961123222408188038e-01,3.422756819131645423e-01,4.969626664688110984e-01,4.924365290269850925e-01,4.958287618985955381e-01
4.986593446250199846e-01,4.975986386129315209e-01,4.937145768545917468e-01,4.953977952824600850e-01,4.775193256666095953e-01,4.797368232864113735e-01,4.925294184370095918e-01,4.977773649864479233e-01,4.969031640433692054e-01,4.630618329748088513e-01,4.973813652062674673e-01,4.825377103364683617e-01,4.963677484988675004e-01,4.905332254884495202e-01,4.974876343146131807e-01,4.600259053617446470e-01,4.174873516577606858e-01,4.956861228085789883e-01,4.922442150300364583e-01,4.780468107190873339e-01,4.895508123233949238e-01,4.973803253826633575e-01,4.947444723226542274e-01,4.927506774763662500e-01,4.821167608743859856e-01,4.935852089722825853e-01,4.931305190088727808e-01,4.862891336257925134e-01,4.897770586489167410e-01,4.969217100474522253e-01,4.975044635484599520e-01,4.970305911761607742e-01,4.882836904351318119e-01,4.796665008662606144e-01,4.920156456892074148e-01,4.103464573126391901e-01,4.969609058378205990e-01,4.971982438640594193e-01,4.646460745794594449e-01,4.921818931418072141e-01,4.917462870462491198e-01,4.766862111223880150e-01,4.663069541189903133e-01,4.882832195564973388e-01,4.636756437732053593e-01,4.939894498643187526e-01,4.311039634291269906e-01,4.956467944983365403e-01,4.936436935742352095e-01,4.954890780704899189e-01
4.981848522502317356e-01,4.989930456388921853e-01,4.971508710254608499e-01,4.909039724046125319e-01,3.723342196440047047e-01,4.794247028812178568e-01,4.063502424765182419e-01,4.989758271240906096e-01,4.960334335731858002e-01,4.288620582528062108e-01,4.990245550713133804e-01,4.877768597496754954e-01,4.947263130034926792e-01,4.047181573337063076e-01,4.979768537520813387e-01,3.379841518519847154e-01,4.407638515519343159e-01,4.969559516190353854e-01,4.029899422579259483e-01,4.514183018135137226e-01,4.305160070346905066e-01,4.888845014954472656e-01,4.068573343464603753e-01,4.065739945976772352e-01,4.936064508355080815e-01,4.849450091713655708e-01,4.003649813930521550e-01,4.908946919607876103e-01,4.393143172879485081e-01,4.948465043045690015e-01,4.973123330981610857e-01,4.987118291166378614e-01,4.966358576566599625e-01,4.971478008630341727e-01,4.010305515247051811e-01,4.389699946815806553e-01,4.977875826306289442e-01,4.924944606491665766e-01,3.713407223311926408e-01,4.971055457916511156e-01,4.921061313277946825e-01,4.855188280107846643e-01,4.883305167691111559e-01,4.763079648046872339e-01,3.830859816871011181e-01,4.963274322175944553e-01,3.463564244525197400e-01,4.978809707753208968e-01,4.814006369496400817e-01,4.946951332221161124e-01
4.968140755070438730e-01,4.996293603945026751e-01,4.996046061262807703e-01,4.897468333050506994e-01,2.902931996872224474e-01,4.907614882664363409e-01,3.101983567618246118e-01,4.998688201245173324e-01,4.969306484112207545e-01,4.712483355029224996e-01,4.991209489764608653e-01,4.990561476902347082e-01,4.957153762768767846e-01,3.122725480554478517e-01,4.980242202799095574e-01,4.770416262527407691e-01,4.960981113729345804e-01,4.964616637147430955e-01,3.102611731736419354e-01,4.577096719972513217e-01,4.629509864944791886e-01,4.814030047976699533e-01,3.125102979313984508e-01,3.108500307920448180e-01,4.956852858358379854e-01,4.794703520708473721e-01,3.040330392766466550e-01,4.960718421813574142e-01,4.811550685357804946e-01,4.922563917348388163e-01,4.923338356695754481e-01,4.998761803509338408e-01,4.979709934897903478e-01,4.793333826161746414e-01,3.070295593922091615e-01,4.954663520800758336e-01,4.989195235604059198e-01,4.930879298527959254e-01,4.698615283917939589e-01,4.996576489672794885e-01,4.965428234743142211e-01,4.890792763229254159e-01,4.965630165076502789e-01,4.612046698039744541e-01,4.986481813224027393e-01,4.985603192546240736e-01,4.622307840328792050e-01,4.993234806323929020e-01,4.740797264623905494e-01,4.958715758488987935e-01
4.973996611069335660e-01,4.982466768740050900e-01,4.960626660391209142e-01,4.948305934402991713e-01,4.036174100792023212e-01,4.886837258358915914e-01,4.070639066052685329e-01,4.986871250287318036e-01,4.981800877649626980e-01,4.630909964514992039e-01,4.974580223945467283e-01,4.926421649115839685e-01,4.966433732564008441e-01,4.098900459651834693e-01,4.976836276813799698e-01,4.071869836987297986e-01,4.664885276783072299e-01,4.953290663887437439e-01,4.095921777750580195e-01,4.849478479760240268e-01,4.808203603337323773e-01,4.911343118739394664e-01,4.112432460080518992e-01,4.079362554736555291e-01,4.843626530285006782e-01,4.895637334322657797e-01,4.051873180546599618e-01,4.898361419059668043e-01,4.885913181751669332e-01,4.956036356634753171e-01,4.912914562086782011e-01,4.982062436814826412e-01,4.896342324589525452e-01,4.718640457313095227e-01,4.090433125647702783e-01,4.596859344664772085e-01,4.979216200698687866e-01,4.972372309356815623e-01,4.043897575265469890e-01,4.947238240431600098e-01,4.953427231028237898e-01,4.701382660615743281e-01,4.738445201973454091e-01,4.754780961545606033e-01,4.144097011642136064e-01,4.963666165121916052e-01,3.877689565918000514e-01,4.971331721700435469e-01,4.870937123089856269e-01,4.960513401056383942e-01
4.985406836673586528e-01,4.975617386631941974e-01,4.936976510096623971e-01,4.959651142082313613e-01,4.666207887504785212e-01,4.797013082825517527e-01,4.634911113306888208e-01,4.977580598407301826e-01,4.970544544714844415e-01,4.522785174781482342e-01,4.972330050477712926e-01,4.819242050419264567e-01,4.967427315492132789e-01,4.619335122902822333e-01,4.974461424590703729e-01,4.576365538224219098e-01,4.139916926095923433e-01,4.955066319792004736e-01,4.638402144917616599e-01,4.959861275732918573e-01,4.794003596717817395e-01,4.974433479888370480e-01,4.658543399858158240e-01,4.636712724204983815e-01,4.814423556780031421e-01,4.938554849655186763e-01,4.641198140607843969e-01,4.875722085604163314e-01,4.794669923593783412e-01,4.969514505999639287e-01,4.952706911019074121e-01,4.969965196686719211e-01,4.886786644863664875e-01,4.896142415541862025e-01,4.635034291326253220e-01,4.073183135368451113e-01,4.969936004378251448e-01,4.975579556854209384e-01,4.718409627932965145e-01,4.920206418140146698e-01,4.921952141589708840e-01,4.831294356583012428e-01,4.674476060524739296e-01,4.888905159182810878e-01,4.709356713952204121e-01,4.940668958484309425e-01,4.603104939200609036e-01,4.956697556961536799e-01,4.940017360523225043e-01,4.958101535806493931e-01
4.992867855774962282e-01,4.986707960018521013e-01,4.965092963616274946e-01,4.969431238181895027e-01,3.326329374313052867e-01,4.872186515803613172e-01,3.337386993981378280e-01,4.986415222589747898e-01,4.956098746465919525e-01,4.767803497430950777e-01,4.987488966957264180e-01,4.874506687836261398e-01,4.970650469843166941e-01,3.312019570730558859e-01,4.979482404844479682e-01,3.477079732422482805e-01,4.397408231619330254e-01,4.976139279581399122e-01,3.334528682138807043e-01,4.963705361369764035e-01,4.768081918448596745e-01,4.860877756666492355e-01,3.339203116784799641e-01,3.329293144339616761e-01,4.909615172651015103e-01,4.821042071585201483e-01,3.319036473569596524e-01,4.955178131396234531e-01,4.887599151380064844e-01,4.982341000149145827e-01,4.984564099330571763e-01,4.982468504449686364e-01,4.953678913042658949e-01,4.978662246363605992e-01,3.309507661957555302e-01,4.374374852844275519e-01,4.983701342268708201e-01,4.982745359921084694e-01,3.450470404133295643e-01,4.957542366789076671e-01,4.951073066682857293e-01,4.910966264100735668e-01,4.859080774247218071e-01,4.708991263206492306e-01,3.541694226330984185e-01,4.952485302954627855e-01,3.501753844677030769e-01,4.970288401050885763e-01,4.834809892956238864e-01,4.972636603780173359e-01
4.998728536384255960e-01,4.997057061422516266e-01,4.992253647579244502e-01,4.979709563243611692e-01,3.235774793572161467e-01,4.969023758132335433e-01,3.247882364129445198e-01,4.997014683829500981e-01,4.970959553353893057e-01,4.478064140069164534e-01,4.998010122069915795e-01,4.971425347546528095e-01,4.971461061950075422e-01,3.235300666639246980e-01,4.990619520375556561e-01,2.910484416437031929e-01,4.863679495406013631e-01,4.995448632669193811e-01,3.246857012541451981e-01,4.992663133282653209e-01,4.345581628743098168e-01,4.833876327587711685e-01,3.246050963052392602e-01,3.238869198527412063e-01,4.984216086975666871e-01,4.813087327688637118e-01,3.227516907451027928e-01,4.988362297983389149e-01,4.491025594974711876e-01,4.996724149910761192e-01,4.995018323451895226e-01,4.996410329141048323e-01,4.991845191463469833e-01,4.990696630528331235e-01,3.228193604217269308e-01,4.863848282529062428e-01,4.996265310492936651e-01,4.995097198523085757e-01,3.134790137121596376e-01,4.992464361143467144e-01,4.981975442201700410e-01,4.691978938316896941e-01,4.981054386278380153e-01,4.671006553244201331e-01,3.253278651575672864e-01,4.978286538745144152e-01,3.071590148718061908e-01,4.987694954791124791e-01,4.821564348674194922e-01,4.981766356096392623e-01
4.999565163136170942e-01,4.999666318204721849e-01,4.998578819909110238e-01,4.983732900886542749e-01,4.548942119759586400e-01,4.986849161467127867e-01,4.558460252680453517e-01,4.999868614376143938e-01,4.994093417176936889e-01,4.786055143047944771e-01,4.999886339389296164e-01,4.998800533595155193e-01,4.985890747139085089e-01,4.556611450369469907e-01,4.998278210524291776e-01,4.570466056402573973e-01,4.994774448067098582e-01,4.999434569781839310e-01,4.553826290420742162e-01,4.993749489428375710e-01,4.741387069214557659e-01,4.951811502279434007e-01,4.557442717237955576e-01,4.555633762531567377e-01,4.999301276239851433e-01,4.947607498131358361e-01,4.549336499110692711e-01,4.986957596574408957e-01,4.787160215428522547e-01,4.994191208111550262e-01,4.999086674684356524e-01,4.999864667328342005e-01,4.999046734977227735e-01,4.996470628359202526e-01,4.546125411165771735e-01,4.995400265568463727e-01,4.998246722175758161e-01,4.993904714356776631e-01,4.731013571012013808e-01,4.999802014009124829e-01,4.990474677767623990e-01,4.814015708294902551e-01,4.998981566924919906e-01,4.903277737887598020e-01,4.787076185103441572e-01,4.995596708868423330e-01,4.618028884999102468e-01,4.997347748094053133e-01,4.944274454447077360e-01,4.989996795325308820e-01
4.999991759798560476e-01,4.999998322193077716e-01,4.999981745058577065e-01,4.999830864913538675e-01,4.998234580378035363e-01,4.999788507339856802e-01,4.999640317438430737e-01,4.999999604751133586e-01,4.999934181086110319e-01,4.999403475580160294e-01,4.999992059500321107e-01,4.999977829792909279e-01,4.999930902974836777e-01,4.999680657206782564e-01,4.999994013864994535e-01,4.998671518290843663e-01,4.999997045634134163e-01,4.999988761985287300e-01,4.999617190917695631e-01,4.999453811542737269e-01,4.999572918991516124e-01,4.999921508852142593e-01,4.999671294719034154e-01,4.999631273900608242e-01,4.999891175898288354e-01,4.999836073597949682e-01,4.999297444137794089e-01,4.999910925248047255e-01,4.999641470946420974e-01,4.999949948529903709e-01,4.999995437995455871e-01,4.999999778944117512e-01,4.999997093808249415e-01,4.999924994995348371e-01,4.995932201959560892e-01,4.999996118425849012e-01,4.999888564622191334e-01,4.999939812051163446e-01,4.997254095735406132e-01,4.999999019834879266e-01,4.999423114036065652e-01,4.999432390677704396e-01,4.999951636668786836e-01,4.999802926572980977e-01,4.999971177200883132e-01,4.999888224026599048e-01,4.999105051557775625e-01,4.999994625286121597e-01,4.999810412627292977e-01,4.999926568626434364e-01
4.992738541139396524e-01,4.999209484983337948e-01,4.997506825220781046e-01,4.961248259755419165e-01,4.848677297354038185e-01,4.954595773519808177e-01,4.953340862212575746e-01,4.999901429008994924e-01,4.999304072136410704e-01,4.968265586009430468e-01,4.998704098161968479e-01,4.999028472202426410e-01,4.981398025565804688e-01,4.963512654961587667e-01,4.997559034236726538e-01,4.987532657139107095e-01,4.997579693526588707e-01,4.992254823422900278e-01,4.938360078785741236e-01,4.869029932914660797e-01,4.981493854182520997e-01,4.991676456339930734e-01,4.958784044732764129e-01,4.959758888504229302e-01,4.993963753234613168e-01,4.989659937054955474e-01,4.933518735262090171e-01,4.966119859667306180e-01,4.990437021675174778e-01,4.977617665960456517e-01,4.994629928076064207e-01,4.999885002382282173e-01,4.996770347888910835e-01,4.945998034461294157e-01,4.937996059341200894e-01,4.995289970081969733e-01,4.994350607259533392e-01,4.970359766253945044e-01,4.965324811607009781e-01,4.999645189209739327e-01,4.978339358208426213e-01,4.854284306942374116e-01,4.990587885749903641e-01,4.978338780315855194e-01,4.998966565474259327e-01,4.999045804543285620e-01,4.771647337064224281e-01,4.999171291846377096e-01,4.964129122434439156e-01,4.981357315592128132e-01
4.972292208487940068e-01,4.994836130917314487e-01,4.989725333402589835e-01,4.934970478379487324e-01,4.369354307198502485e-01,4.879521122525610211e-01,4.934519930614622019e-01,4.997615213967580017e-01,4.996853457734556914e-01,4.858450136691349619e-01,4.990361805550656560e-01,4.980085646640423636e-01,4.967567604294811923e-01,4.976519913101771775e-01,4.988387670290101994e-01,4.525461806076703786e-01,4.912275292915252445e-01,4.967198168854283780e-01,4.919315747648665971e-01,4.319279335901557992e-01,4.981780682129480775e-01,4.996834733645192372e-01,4.968766274390903348e-01,4.958729201219297389e-01,4.949921946846888576e-01,4.991629679417649013e-01,4.868571355350043706e-01,4.915689052332679609e-01,4.988166075117466680e-01,4.960171998281965866e-01,4.956913652907699586e-01,4.996864233258765386e-01,4.962964952972141464e-01,4.830149044678392345e-01,4.942220041262593289e-01,4.884009776464190433e-01,4.985112033435692425e-01,4.926296808459518228e-01,4.451062597598999249e-01,4.990222577182059638e-01,4.954118660311526146e-01,4.876409759385743614e-01,4.904018210100767883e-01,4.956616329395737708e-01,4.529540909815881200e-01,4.995105566169245059e-01,3.935533095375701729e-01,4.995714157696514723e-01,4.925098319408942049e-01,4.960121664649752016e-01
4.968741029957609578e-01,4.983693541362754775e-01,4.964315450792773365e-01,4.969731201194549364e-01,3.836673037009344922e-01,4.835946027325039309e-01,4.908034536455989083e-01,4.987970634759737454e-01,4.987128817498248101e-01,4.622195650921082088e-01,4.974258684805909492e-01,4.894714917933350451e-01,4.974296725580822365e-01,4.951323888406178320e-01,4.977570390896178809e-01,2.094512788320811725e-01,4.498422605516363415e-01,4.949581060131620913e-01,4.929960173259927969e-01,3.774212852446511279e-01,4.894757998197333260e-01,4.979560841280883943e-01,4.963482936190800054e-01,4.928580781030784674e-01,4.852994764090990398e-01,4.965824571005443278e-01,4.844224390584228046e-01,4.891484475022174760e-01,4.909733259400018701e-01,4.975384478032242042e-01,4.894314806276721108e-01,4.983677044586474203e-01,4.896625500827399557e-01,4.887689627546903393e-01,4.958199605468288085e-01,4.428285159043098274e-01,4.978525506863973327e-01,4.953563780896819146e-01,2.072915857335347611e-01,4.952332004726218706e-01,4.949358836850537013e-01,4.935998598381399205e-01,4.724809001275995235e-01,4.882961365180741309e-01,2.114708708270733872e-01,4.971579278181244566e-01,1.634657336506155634e-01,4.977535100239180998e-01,4.924259414097734711e-01,4.962009989139740118e-01
4.984838811304480033e-01,4.975675811088410838e-01,4.937136196473421168e-01,4.946302012618380983e-01,3.913809650249587824e-01,4.788159143010068952e-01,4.783091693983935189e-01,4.978011819011618488e-01,4.975810672149273417e-01,3.780438727217823036e-01,4.969886125330073567e-01,4.815364728872604805e-01,4.964018012909629518e-01,4.772771974897299652e-01,4.975386344355965940e-01,2.344577089899131384e-01,4.110249433368490801e-01,4.954454137425877147e-01,4.788049693859245393e-01,4.014478893909527724e-01,4.036513974690328910e-01,4.979982205559522757e-01,4.808361027700264190e-01,4.782673039908921786e-01,4.809573521429695298e-01,4.949339746548000463e-01,4.772705376614886918e-01,4.887462334774766992e-01,4.030964907494177796e-01,4.955891826102957198e-01,4.894503554577048221e-01,4.970302789378672204e-01,4.901005703727597806e-01,4.961377049827628283e-01,4.776774584283486891e-01,4.055176159620820786e-01,4.969561580756644004e-01,4.975481489460426010e-01,2.862239031157984281e-01,4.919577682486995784e-01,4.921301853086438305e-01,4.833874717189018955e-01,4.713479450266515602e-01,4.914335046849278577e-01,2.866313049570462512e-01,4.943748039271030903e-01,2.278884119625251004e-01,4.957923884690921268e-01,4.945541640954069229e-01,4.956339003967317192e-01
4.983418248683467167e-01,4.985077216003785949e-01,4.958785540988393525e-01,4.931071216851985461e-01,3.380515497756426124e-01,4.831015498034113564e-01,3.525583772570607399e-01,4.985073384615582026e-01,4.966876395969167524e-01,3.496053678684525323e-01,4.986752636682624806e-01,4.896730240345552043e-01,4.958269084700681062e-01,3.503934184184438472e-01,4.979522473110479241e-01,3.424302798798521952e-01,4.517908048721553382e-01,4.964977323555064270e-01,3.499971158777152591e-01,4.756693239739584467e-01,3.576548239620030989e-01,4.956672245031127355e-01,3.526834304944749254e-01,3.526196214261166917e-01,4.902033059583347785e-01,4.918013525607390357e-01,3.505053913954964684e-01,4.930531843235764766e-01,3.591226130392450866e-01,4.961835972237853554e-01,4.968164268969804120e-01,4.980655324065637046e-01,4.976048749858497100e-01,4.885667482762863223e-01,3.490400153064096567e-01,4.512242847077022057e-01,4.974065407414409168e-01,4.935067636844408523e-01,4.701955598465684116e-01,4.953723146240877062e-01,4.919737932818003534e-01,4.918726790512545910e-01,4.914802900753197368e-01,4.917580290546629262e-01,4.732086050670816224e-01,4.953215401528244799e-01,4.518343663721055559e-01,4.968774595235834757e-01,4.892923273970614106e-01,4.954205006257418331e-01
4.971687399063706159e-01,4.996079258979031490e-01,4.995650787278776428e-01,4.972993114544789761e-01,2.626255263436309551e-01,4.927644717370348038e-01,2.670460151309659858e-01,4.998042017239873180e-01,4.966570126169044808e-01,4.785569008609800723e-01,4.994197926076819893e-01,4.993287076658619594e-01,4.970380772999894448e-01,2.681331785707352644e-01,4.981291031618227394e-01,2.816176031543037861e-01,4.989525553103114075e-01,4.968493248075593338e-01,2.670560372842914476e-01,4.812289788530843548e-01,4.728819303728947765e-01,4.857612677298112636e-01,2.687476707145706745e-01,2.677233434998306794e-01,4.968307520626630280e-01,4.832615886371344760e-01,2.616365095642039229e-01,4.955075059833655149e-01,4.872495490349773584e-01,4.997542541535519578e-01,4.985409149856837585e-01,4.998265802618847009e-01,4.967326321402486533e-01,4.915178049792816029e-01,2.674736049587193021e-01,4.968098929197483637e-01,4.991159119165226032e-01,4.938273433195158324e-01,2.758762660663580668e-01,4.997850991210401328e-01,4.968802321890845031e-01,4.844282933682847458e-01,4.925120337738791432e-01,4.684207735625746660e-01,2.898053473008160297e-01,4.979978916720407267e-01,2.788699551302276092e-01,4.989209156900906716e-01,4.792067163845951105e-01,4.968132187584042847e-01
4.976342006395140793e-01,4.987239456015379324e-01,4.973711163116151246e-01,4.952435369294438949e-01,3.429623581243241848e-01,4.865225006952558218e-01,4.070105298778425862e-01,4.991620950218744190e-01,4.977650151352096541e-01,4.054579439433416144e-01,4.977365961219851753e-01,4.903558229847869154e-01,4.963372842433294574e-01,4.102402616906890009e-01,4.978930867060769594e-01,3.830882447375312805e-01,4.531460876105654623e-01,4.961980178999159663e-01,4.097259567410197478e-01,4.079589907508658908e-01,4.165522344794938547e-01,4.863563988385058434e-01,4.111938001250180497e-01,4.076066486254052434e-01,4.879473261870649337e-01,4.848491404930948545e-01,3.997378338933721409e-01,4.899811124304748744e-01,4.282878241995433655e-01,4.964691013772046801e-01,4.912456145023581522e-01,4.988583795046520053e-01,4.898856086473657445e-01,4.957690761812067470e-01,4.088425882491463215e-01,4.461950865429845647e-01,4.985502135250072797e-01,4.977239457624382801e-01,4.256665206246811883e-01,4.964567123377924274e-01,4.962044179428075630e-01,4.588067801426653491e-01,4.736981841571719642e-01,4.654889430051695753e-01,4.472416186960198048e-01,4.972392009218393194e-01,3.477140341374976296e-01,4.979437052126572394e-01,4.825385337310568179e-01,4.961566696501445994e-01
4.985105615606355012e-01,4.976074381655521406e-01,4.937929278363300534e-01,4.939544847925466664e-01,3.401686196253516647e-01,4.785606067649805229e-01,4.586764093935379871e-01,4.978588652379352109e-01,4.977874029170627490e-01,3.197378247245490357e-01,4.968820352076321889e-01,4.817114861008042204e-01,4.959625895921534466e-01,4.579147053917822507e-01,4.976036950525541958e-01,3.301973934030962288e-01,4.112644707541360245e-01,4.955173586616775649e-01,4.591013899531034559e-01,3.627845768046742414e-01,3.419001697578422094e-01,4.970526485605586964e-01,4.610272655934954944e-01,4.583989727361608146e-01,4.810023858019423226e-01,4.942490298802945103e-01,4.561766066639059702e-01,4.892910288263907503e-01,3.420167944087144085e-01,4.950809836999390257e-01,4.877206838173328007e-01,4.970941365647007504e-01,4.910541520098737900e-01,4.934261804216041325e-01,4.577553977733700430e-01,4.064740987080349699e-01,4.969402522123926302e-01,4.975245579120465833e-01,4.730975709825792075e-01,4.920436012344012178e-01,4.919922383246032593e-01,4.785131558046218925e-01,4.740867179245857876e-01,4.904679227260735352e-01,4.764967431699312361e-01,4.945884579884973764e-01,3.401494404008362227e-01,4.959168099768209714e-01,4.935741244081555679e-01,4.953878371497661970e-01
4.990553928320400345e-01,4.982877004502130891e-01,4.954549578539977905e-01,4.967656058081953985e-01,2.377481033466362637e-01,4.884285038791665312e-01,2.941995472527103028e-01,4.982751466949227881e-01,4.962741747393491498e-01,4.313280071005172189e-01,4.982624252239716833e-01,4.891125186027128757e-01,4.974535539741501422e-01,2.917599096385282142e-01,4.978526719952712232e-01,4.330330131780044112e-01,4.492615648484070134e-01,4.968801434163740982e-01,2.938428173479198380e-01,4.016229326101421471e-01,4.423667894831907477e-01,4.931103946732139365e-01,2.942893933668451201e-01,2.935203610044296862e-01,4.879892971477320929e-01,4.891754390000229158e-01,2.929767235178645790e-01,4.964735780370189144e-01,4.461348149620403269e-01,4.979650162088586351e-01,4.926505998132350017e-01,4.977415496946558937e-01,4.966243831254936736e-01,4.974153915469841092e-01,2.919983667579220676e-01,4.482203230109702563e-01,4.978548939391191364e-01,4.977792789695221209e-01,4.770184996311361836e-01,4.943876173082040748e-01,4.940249285661259537e-01,4.910692227233501850e-01,4.895945158437989830e-01,4.866677024206986224e-01,4.813870312259503348e-01,4.944988518458137694e-01,3.850111996869673980e-01,4.962325088283611185e-01,4.902628694363737050e-01,4.971866294803122810e-01
4.997533183471948859e-01,4.994992027690565717e-01,4.986517475731895299e-01,4.945594118987032273e-01,2.616279984247799062e-01,4.976293843235123915e-01,2.812241757464734593e-01,4.994667551309197040e-01,4.965513379523395776e-01,4.951762927879072573e-01,4.996210498546767576e-01,4.977938111447804403e-01,4.972412543236434113e-01,2.796467368962333722e-01,4.987797674020143512e-01,4.231449748653942078e-01,4.910294864832721595e-01,4.991517451646129699e-01,2.811275980037115652e-01,4.660058841621559922e-01,4.833678257522099897e-01,4.844017131046725599e-01,2.809913499331935793e-01,2.803594682638301250e-01,4.970348572383741503e-01,4.816398555025317441e-01,2.794214961568837752e-01,4.987232028988193844e-01,4.980923844475588780e-01,4.965843152796544646e-01,4.979868802346694712e-01,4.993457063707226196e-01,4.991137652502471433e-01,4.956713137574674799e-01,2.774101663212042990e-01,4.912009366903154484e-01,4.993948540365512612e-01,4.992782015932442086e-01,4.118473989816476832e-01,4.985724818974268113e-01,4.973706892470046714e-01,4.606391058218117229e-01,4.979817391607400667e-01,4.694270904775470488e-01,4.258485440310487147e-01,4.968921187018343621e-01,3.686607370595473276e-01,4.980902043719169781e-01,4.828564478279904759e-01,4.979511950648416452e-01
4.999408044337480539e-01,4.999434958830379916e-01,4.997395605720815759e-01,4.954332259009421313e-01,4.308406701060125688e-01,4.980153430028199657e-01,4.349812568939032120e-01,4.999554450869123645e-01,4.988235752734275219e-01,4.998473560248634096e-01,4.999725963657319361e-01,4.998687229931092491e-01,4.977146910250899170e-01,4.345050453703431792e-01,4.996545524711625830e-01,4.188926498682341570e-01,4.996973924640012443e-01,4.998976598978306374e-01,4.342856122887899795e-01,4.959375325380301902e-01,4.916403641287205306e-01,4.916923879924938734e-01,4.347796236125124891e-01,4.344620461908945686e-01,4.997965932935071742e-01,4.908286921552091897e-01,4.336621302719450566e-01,4.978613900750086807e-01,4.998524439642269002e-01,4.971796674652949610e-01,4.997531090705835122e-01,4.999522350571307672e-01,4.998044832847786667e-01,4.945619974265864083e-01,4.312648924105066395e-01,4.998056890651219608e-01,4.997142793747227363e-01,4.990446696239978497e-01,4.124845494854387229e-01,4.999211369260588289e-01,4.983597648571940208e-01,4.688572917110104821e-01,4.997549786111138426e-01,4.834039469568184311e-01,4.205775795096099445e-01,4.991655815958391806e-01,3.932167413282373625e-01,4.995218974638661047e-01,4.904361831518052606e-01,4.983118628262103722e-01
4.999843203180616702e-01,4.999979923063312404e-01,4.999860301567941034e-01,4.997763746141922203e-01,4.988195673224408155e-01,4.997926920767173931e-01,4.988629762801596312e-01,4.999998394983635186e-01,4.999652896876861652e-01,4.998152461825798865e-01,4.999979755934856884e-01,4.999945697398270883e-01,4.998647550742659207e-01,4.988809291389599831e-01,4.999883110749438475e-01,4.973356485482819389e-01,4.999951566258537539e-01,4.999832704610166489e-01,4.987846078751878576e-01,4.998976995653388045e-01,4.995617181682934227e-01,4.997357949455071280e-01,4.988675370381361329e-01,4.988641970366710088e-01,4.999774132186041720e-01,4.997026529726827371e-01,4.987619502893205214e-01,4.998285083379670479e-01,4.998273448193987223e-01,4.998876026448624277e-01,4.999954171322221752e-01,4.999998527082591959e-01,4.999918600427327720e-01,4.997115228820749322e-01,4.981920824009821169e-01,4.999959089719842042e-01,4.999624803699683206e-01,4.998887749758365029e-01,4.973394495538735471e-01,4.999997725029491913e-01,4.998237380128320306e-01,4.986408575754090466e-01,4.999792352983876143e-01,4.994564583713404504e-01,4.980002978427677807e-01,4.999674604781964571e-01,4.967485270300054934e-01,4.999897862068261034e-01,4.996184186749572653e-01,4.998911080204328505e-01
4.996246421388251258e-01,4.999619234998014528e-01,4.998710297129466129e-01,4.985798963991105448e-01,4.984509376411874748e-01,4.975006276520561599e-01,4.983206429274679716e-01,4.999973805959876394e-01,4.999133923500874710e-01,4.893376091625498692e-01,4.999605070364306347e-01,4.998982391003190529e-01,4.988960298466138532e-01,4.988653229622606045e-01,4.998653545818835808e-01,4.875842632368589391e-01,4.996286018077182867e-01,4.996036726056907185e-01,4.974719178907041073e-01,4.991740811375402487e-01,4.888741843123323161e-01,4.989322084247968525e-01,4.986130714000598374e-01,4.986720974557511399e-01,4.997230165067358953e-01,4.988035517546727804e-01,4.976312206655996717e-01,4.980167345580182592e-01,4.899806277998011161e-01,4.994841544554108337e-01,4.999608804698630893e-01,4.999970446475327512e-01,4.996764413531728510e-01,4.981218534288898714e-01,4.977696791303591328e-01,4.993808860122947446e-01,4.996852082502010739e-01,4.984026535449667117e-01,4.959581486456592359e-01,4.999918686507520693e-01,4.988113318111836447e-01,4.924367790340836160e-01,4.991069815346025895e-01,4.974399235802628993e-01,4.981786608023804908e-01,4.999370701461364752e-01,4.919762502394871007e-01,4.999658402234446464e-01,4.974439721969444173e-01,4.989619275901630013e-01
4.978371480804026916e-01,4.996401248294261577e-01,4.993572949400550409e-01,4.974667752953894073e-01,4.971837860125735142e-01,4.894361714606713654e-01,4.954690211152320001e-01,4.998809750854511513e-01,4.998027915546184308e-01,4.277947162454571739e-01,4.994392493315512049e-01,4.974216640618799867e-01,4.974087685362433842e-01,4.990009967501624066e-01,4.991658472134299918e-01,4.346216487458765543e-01,4.877786707240819308e-01,4.975396243179725508e-01,4.941150500917240174e-01,4.929351460419993392e-01,4.340158832457689519e-01,4.993615369096667811e-01,4.982730111404559126e-01,4.976940889684116076e-01,4.967921455580514567e-01,4.990168095022853856e-01,4.910997443295444520e-01,4.925423531723602255e-01,4.350570310192216072e-01,4.994940989690985766e-01,4.992919634465567968e-01,4.998487913483074530e-01,4.963307411291809079e-01,4.966928394607009190e-01,4.984339285052540869e-01,4.847818731515302071e-01,4.988866631650619721e-01,4.940970754822630595e-01,4.926217978231411943e-01,4.995170990031845282e-01,4.966148758376695560e-01,4.909238930474011386e-01,4.899860257799377172e-01,4.948499281411715134e-01,4.993325165912032571e-01,4.997696647284907701e-01,4.941182006970544216e-01,4.997866069017053436e-01,4.937069044876079560e-01,4.969513996576742088e-01
4.970622145861216534e-01,4.987007003857580889e-01,4.973999285192054476e-01,4.976046118940033458e-01,4.939204238725029561e-01,4.825109535519767623e-01,4.931082198710362019e-01,4.991606163340446267e-01,4.990343618149775118e-01,4.261405509005951608e-01,4.978490598187657601e-01,4.883345740157084558e-01,4.978437903487232252e-01,4.977888770915381844e-01,4.981252574240945807e-01,4.249794015966100735e-01,4.424737393740821867e-01,4.956465628842049997e-01,4.951515131400701097e-01,4.816489449627814889e-01,4.495139425913420306e-01,4.986138751623488963e-01,4.984173413639970129e-01,4.952864190795649435e-01,4.883569871980510402e-01,4.976385606067040834e-01,4.838609090374537680e-01,4.904307943113588308e-01,4.508186275437092161e-01,4.981904230017875634e-01,4.956682575560401594e-01,4.988641548143872839e-01,4.910566519241327810e-01,4.955346767732151103e-01,4.980549149142866616e-01,4.363061121611500059e-01,4.983035352733262702e-01,4.955228081021189612e-01,4.570980864573944702e-01,4.965844985219879382e-01,4.958995009318943881e-01,4.948958689183828863e-01,4.754090878347211890e-01,4.900967215084154338e-01,4.690039105013722454e-01,4.980868918175325732e-01,4.654498510150508195e-01,4.984682585233238261e-01,4.933553798914419586e-01,4.967314962518468713e-01
4.983638354027697948e-01,4.976962316372665063e-01,4.941817080636475845e-01,4.961994929603665283e-01,4.345803033062355936e-01,4.798496927664723799e-01,4.556209239797848198e-01,4.979969521949075273e-01,4.979883893931033034e-01,4.552252860275182167e-01,4.966769546472262764e-01,4.826523237984545744e-01,4.963504930980592311e-01,4.554185645698972107e-01,4.976279620395176462e-01,2.161338732174914734e-01,4.149885664961957543e-01,4.954973946299658927e-01,4.567534431591966926e-01,4.618028948628075114e-01,4.912479448585587716e-01,4.969809917642698527e-01,4.581981155589102128e-01,4.550625973189288964e-01,4.811871951838673778e-01,4.945640166659248105e-01,4.486806906467666334e-01,4.917837104239382584e-01,4.914688104177205585e-01,4.968400475523772619e-01,4.897219348199121081e-01,4.972696280835866012e-01,4.926228774961658452e-01,4.959455158036448208e-01,4.566180980672958634e-01,4.113208384639074344e-01,4.971601865494167938e-01,4.978537416115536018e-01,2.134552678215244914e-01,4.923894915506439318e-01,4.926735481874140454e-01,4.882656950762979675e-01,4.789374546780139075e-01,4.916464887564970243e-01,2.173394027790760963e-01,4.950398427834832860e-01,2.034733370249148521e-01,4.962368536392366414e-01,4.936884427822640919e-01,4.957667201519665445e-01
4.984377123420581368e-01,4.981289866275864231e-01,4.948068766444658206e-01,4.943306489617044774e-01,2.543220158656636642e-01,4.870423945338433480e-01,2.970733328058698386e-01,4.981269215408331563e-01,4.973431917762776155e-01,4.449826717006940546e-01,4.980462694480816688e-01,4.922666049439118896e-01,4.959934151738449315e-01,2.950583590320485228e-01,4.979060061031549411e-01,2.331238891474064212e-01,4.658545499034185688e-01,4.960424693916035133e-01,2.952760744122621683e-01,4.245206228325434372e-01,4.636275012251494521e-01,4.984778783020500370e-01,2.971311980284244147e-01,2.968572906591085969e-01,4.868289787914732991e-01,4.949811590123376348e-01,2.959057401967147283e-01,4.943417958123733635e-01,4.620182126578435966e-01,4.966901248590370188e-01,4.890039801578391909e-01,4.975177208128628847e-01,4.978163305810197614e-01,4.955838874659013737e-01,2.948556330956956795e-01,4.657495223505349613e-01,4.970466770650495136e-01,4.944588171013891142e-01,2.497076868693682283e-01,4.937816295647539100e-01,4.917247738631543297e-01,4.948162138961514911e-01,4.930501535152445047e-01,4.986497924015774186e-01,2.492459667417394331e-01,4.945188020047872057e-01,2.131858894270963201e-01,4.960289874766602436e-01,4.931411697432171448e-01,4.957633332893234823e-01
4.974396194000841320e-01,4.993828350578553565e-01,4.989262490903862424e-01,4.907874324181382142e-01,1.902517902680977147e-01,4.937435899162926911e-01,2.327786477518383745e-01,4.995374576931979060e-01,4.968985958438054684e-01,4.910706333023667769e-01,4.996350387418587169e-01,4.986851284702287779e-01,4.982857520603415358e-01,2.331509605590979251e-01,4.982462236845584536e-01,4.871786906338042566e-01,4.973046635743346711e-01,4.968753085120070079e-01,2.327178829275867167e-01,4.039063994849561579e-01,4.881644898579216574e-01,4.927111201766647408e-01,2.340454166617876031e-01,2.336138958369361196e-01,4.963429827671300698e-01,4.898378207020934738e-01,2.305708428049121905e-01,4.948736951633760373e-01,4.957099702565552213e-01,4.929887138335532493e-01,4.953888168050142871e-01,4.994926394140319359e-01,4.956017009069914603e-01,4.828253115090880287e-01,2.295793525588337713e-01,4.940591779746897894e-01,4.990194669870154920e-01,4.944497044589888368e-01,4.807967904839890450e-01,4.991319623489732793e-01,4.969008220800967268e-01,4.776133722284273131e-01,4.881197690847732806e-01,4.812741862280578986e-01,4.916844603322387819e-01,4.970988173672004073e-01,3.860578856928115199e-01,4.981045436904136814e-01,4.870264558740844407e-01,4.976977346401742497e-01
4.978920105167702892e-01,4.990859356111359002e-01,4.984592095002841061e-01,4.916649272185956154e-01,3.754582826945682683e-01,4.851045480052443293e-01,4.140092406919412826e-01,4.995491350054145907e-01,4.973174792533029409e-01,4.496912420683089606e-01,4.983231965903634486e-01,4.886832985307390520e-01,4.968752966851816555e-01,4.169688112676130376e-01,4.981072289198922309e-01,2.119396172377086274e-01,4.431870336170548597e-01,4.970286871278988272e-01,4.168114203102980531e-01,4.381733805577985308e-01,4.574248169992944923e-01,4.857689933211239985e-01,4.178491851969011739e-01,4.144804467190785768e-01,4.915330173930906321e-01,4.839890526875666454e-01,4.043143034344145459e-01,4.915312347218660505e-01,4.714638873793575713e-01,4.933736730906774781e-01,4.982942360256982783e-01,4.994159507023899214e-01,4.917237713908929053e-01,4.844613630633717860e-01,4.117547106941861212e-01,4.376105004766339124e-01,4.991279859641225558e-01,4.981050966994503004e-01,2.124008834931238598e-01,4.980718177719101192e-01,4.970074046813673929e-01,4.466619344653179335e-01,4.776346401745404924e-01,4.651796576888354573e-01,2.247239436667033963e-01,4.978614174105266965e-01,1.832181267710162320e-01,4.985607450941340613e-01,4.821081308460872239e-01,4.964912094744360904e-01
4.985877849009917595e-01,4.978228556085901868e-01,4.943841638910864145e-01,4.954682235178591299e-01,4.525778799463570645e-01,4.794661784743621258e-01,4.537129071737893149e-01,4.981398989967034674e-01,4.979801143679442599e-01,4.325346974091580088e-01,4.966791532448489033e-01,4.836501257326730752e-01,4.949682766576508630e-01,4.535214782064775352e-01,4.977365730420492684e-01,3.285113687581539543e-01,4.190752166082959418e-01,4.958808787941119678e-01,4.541716467146427183e-01,4.819619172019564690e-01,4.642100491142229779e-01,4.931635660133292243e-01,4.558140406140825940e-01,4.525904923518235812e-01,4.819520151886513837e-01,4.909286796391090779e-01,4.446399337074396496e-01,4.915489314140227273e-01,4.679116083781396096e-01,4.970340707770902200e-01,4.930048422414072262e-01,4.974430693181026153e-01,4.940841803840096969e-01,4.965790399352871809e-01,4.545035673266603071e-01,4.165032501431553125e-01,4.971114632349979412e-01,4.975558719850720624e-01,3.373273554383700579e-01,4.927403969303188469e-01,4.919825178012703915e-01,4.728832997655463832e-01,4.834252336670923356e-01,4.853858821073236407e-01,3.479873959872203382e-01,4.953786710494584855e-01,3.312263394391188331e-01,4.965221339299465408e-01,4.894912247093619606e-01,4.948021216274476330e-01
4.988452893477692829e-01,4.979825877698978442e-01,4.945666493620794468e-01,4.912795376362582012e-01,2.451407828107236841e-01,4.904754871340464284e-01,2.561623403137407995e-01,4.979922407173490440e-01,4.970995797418993334e-01,4.620038776377625167e-01,4.976272189475818841e-01,4.918564965094348596e-01,4.971900409497246320e-01,2.541431658815150874e-01,4.978194543190129773e-01,4.864912488178657624e-01,4.639929750216131854e-01,4.962413940985757055e-01,2.557468635237308829e-01,4.720627546560804411e-01,4.860241267093237116e-01,4.975132576427047093e-01,2.562679101489200861e-01,2.555174231053577438e-01,4.852586034760907330e-01,4.939829753495653120e-01,2.539555724413575244e-01,4.968747183903725051e-01,4.850316464876273659e-01,4.924104407296966968e-01,4.891017243760184541e-01,4.973291679616838046e-01,4.974054985267764017e-01,4.843618154969466238e-01,2.519501975669084515e-01,4.636946769040430349e-01,4.973714347670628588e-01,4.973075185022854949e-01,4.936028544528456297e-01,4.931733144728961959e-01,4.930011801142915040e-01,4.906881424837266081e-01,4.924619559886463382e-01,4.969118546572670603e-01,4.958472994555434554e-01,4.940032528222409458e-01,4.686553156722612079e-01,4.956085087681099122e-01,4.944731627421476428e-01,4.969338869161831762e-01
4.995778664353451859e-01,4.992070862034498346e-01,4.978507216794513246e-01,4.877128282860090369e-01,2.151054563364777628e-01,4.983074415290905668e-01,2.434574570429373086e-01,4.991565910192549138e-01,4.964655325524686136e-01,4.145416014742306365e-01,4.993233425708722972e-01,4.983936167160841202e-01,4.976098298931838637e-01,2.417583914116069044e-01,4.985705484719772373e-01,4.139382955895373750e-01,4.957264520049461387e-01,4.985993986773584186e-01,2.433699233896371439e-01,4.420411482076438969e-01,4.107512991695326798e-01,4.886926149817388820e-01,2.432464458802536533e-01,2.427624519172963680e-01,4.950594427457288838e-01,4.854364650344129006e-01,2.420543938569063580e-01,4.983812630088692575e-01,4.191215552665125688e-01,4.898771052169543783e-01,4.926679221797989339e-01,4.989440268115551969e-01,4.988221821600702932e-01,4.776333295171722448e-01,2.368148804589588485e-01,4.957739282716297491e-01,4.990666152369935826e-01,4.989982915825410537e-01,4.821197683087181107e-01,4.976119646299808630e-01,4.964343652569093157e-01,4.520936231652415427e-01,4.969771924804637364e-01,4.780908523316677594e-01,4.930328902379515488e-01,4.958959243084608004e-01,3.973485142122598068e-01,4.972499035129597789e-01,4.869559648354853110e-01,4.979168771546611527e-01
4.999193051896843598e-01,4.998868315364469184e-01,4.995281157834365326e-01,4.935631546106683532e-01,3.816988854241933904e-01,4.972391242853685944e-01,4.171632590982132238e-01,4.998845281102761162e-01,4.981528946957506920e-01,4.503666555899075719e-01,4.999319155317526464e-01,4.997722336335769788e-01,4.969784935648643986e-01,4.162546874567557009e-01,4.994426619917122223e-01,4.266023243517440000e-01,4.997343577007423709e-01,4.998054229662793335e-01,4.162404818342381740e-01,4.584070506297953651e-01,4.409563469674805947e-01,4.891522723138829187e-01,4.168321815540037556e-01,4.164263328284894539e-01,4.994748092793722671e-01,4.876949050825168941e-01,4.154872401943754401e-01,4.968864793925094614e-01,4.505384169601213684e-01,4.960941972902862540e-01,4.979612788453422478e-01,4.998716499755432863e-01,4.996749617457426074e-01,4.920135456980771482e-01,4.119662067933980154e-01,4.998719380877470475e-01,4.995716885791447459e-01,4.986624525161809096e-01,4.635715224274536972e-01,4.997686579084578695e-01,4.974705395856008350e-01,4.542037194196694716e-01,4.994705604285498701e-01,4.784267938746846194e-01,4.751881684315245047e-01,4.986308407202444393e-01,3.986812006528206997e-01,4.992115931617134850e-01,4.873340449706157207e-01,4.975925428185925536e-01
4.999335012724935301e-01,4.999937053002532217e-01,4.999400485165286234e-01,4.992965219087404094e-01,4.900957703973755630e-01,4.990735116032266050e-01,4.961385478878473365e-01,4.999982928619983724e-01,4.998120125293814553e-01,4.973516184878933877e-01,4.999944915270284063e-01,4.999796998161853412e-01,4.993569208676211790e-01,4.961719275908917925e-01,4.999326780310868745e-01,4.827636397498607512e-01,4.999656509379508118e-01,4.999293765888795926e-01,4.957554618670243496e-01,4.939408340999846825e-01,4.958350870256970633e-01,4.984583582936133461e-01,4.961332087381582490e-01,4.961150656534356607e-01,4.999473497339074757e-01,4.983035808449266524e-01,4.958320156083178554e-01,4.991435080890453957e-01,4.973618472197712803e-01,4.998054831902236095e-01,4.998978454940118388e-01,4.999983730669481097e-01,4.999223553118626873e-01,4.995990536809267191e-01,4.950820473396551069e-01,4.999403814404217994e-01,4.998686367829245358e-01,4.994805898962480506e-01,4.838855355935624547e-01,4.999983370112022207e-01,4.993828425044924413e-01,4.936389077685840454e-01,4.998365221003541747e-01,4.968277596511084804e-01,4.860177786676379563e-01,4.998829836706515373e-01,4.748058722963228173e-01,4.999537114869243570e-01,4.979155122055793914e-01,4.994663791289586929e-01
4.998589076157051725e-01,4.999885561948435031e-01,4.999514818682525008e-01,4.996081360247936476e-01,4.967309142357687057e-01,4.989613614912298822e-01,4.995507089927457844e-01,4.999994759719906257e-01,4.999277360338732490e-01,4.997709289012051692e-01,4.999905664079153378e-01,4.999154162711980098e-01,4.995188095715351051e-01,4.997662657606343761e-01,4.999413178293463100e-01,4.892055137576855062e-01,4.996475876663991067e-01,4.998514441760053550e-01,4.992034385201390978e-01,4.969781117791860492e-01,4.990867194055387812e-01,4.992572025307034922e-01,4.996734280344095613e-01,4.996884335605443761e-01,4.998906298239760848e-01,4.991835893126668755e-01,4.993532131644968231e-01,4.991410041473980375e-01,4.998607947966249854e-01,4.999839531628944567e-01,4.999814560348248005e-01,4.999993569988220310e-01,4.997958803231538627e-01,4.998343127701355693e-01,4.988880826586227779e-01,4.994836014232893473e-01,4.998620368031625461e-01,4.993714742585647626e-01,4.884069625687825766e-01,4.999985668248549953e-01,4.994710621144476947e-01,4.971366148756358183e-01,4.994445695461701695e-01,4.982693888628307866e-01,4.897520054621920527e-01,4.999537588096035212e-01,4.847559371237510906e-01,4.999897026089235030e-01,4.986610545459291277e-01,4.995675891967208404e-01
4.984158385833087901e-01,4.997697753410873522e-01,4.996168934208171097e-01,4.983034214448074373e-01,4.868475265365586613e-01,4.912643673126566579e-01,4.969505967332921714e-01,4.999468620925974216e-01,4.998234284520118864e-01,4.958858918938190974e-01,4.997377621879567355e-01,4.972025359811344525e-01,4.979134609047609072e-01,4.996600849141754619e-01,4.994170878240511979e-01,4.849454897853728297e-01,4.862686482579757774e-01,4.982510267527914816e-01,4.958263276735020431e-01,4.853375627949635951e-01,4.974873644392205918e-01,4.983556559802992947e-01,4.990658911944920728e-01,4.987649446998232428e-01,4.980557953945156102e-01,4.981173135097059501e-01,4.952244665797178591e-01,4.940898825696212193e-01,4.997038193247241300e-01,4.998364463267270796e-01,4.997905777192686583e-01,4.999362044207483202e-01,4.969208066505229060e-01,4.982772241841423866e-01,4.988841770001776754e-01,4.837251242306481180e-01,4.991943461687022299e-01,4.955663895878930081e-01,4.807092038866901396e-01,4.997940306260968413e-01,4.976349291935185937e-01,4.936276605152866703e-01,4.912404275158313571e-01,4.933838443691024311e-01,4.854439210572852326e-01,4.998828252053385546e-01,4.711862429635008120e-01,4.999021209734348936e-01,4.941740471771073895e-01,4.977485403252249752e-01
4.973397102169891948e-01,4.989846978410707456e-01,4.982109283114623532e-01,4.981935133790749703e-01,4.914788614588102567e-01,4.830946875297483789e-01,4.922231779202292934e-01,4.994589852945003350e-01,4.993234255499773289e-01,4.677252977369086295e-01,4.984687744117849428e-01,4.885768400087898145e-01,4.983460493336002162e-01,4.966995822554172157e-01,4.985040970318265763e-01,4.843119439399180548e-01,4.423840110297639350e-01,4.963613683544729760e-01,4.940035497493024397e-01,4.835309136527626839e-01,4.869314138086044963e-01,4.993168365270945208e-01,4.969024252665368846e-01,4.944510305468582945e-01,4.912709146761707335e-01,4.986481571333717944e-01,4.846996978234947573e-01,4.925838557495233472e-01,4.879504751958055886e-01,4.987609353284890301e-01,4.987601654017634889e-01,4.992766123348707508e-01,4.932747655821900223e-01,4.951696560974985784e-01,4.964897426461810093e-01,4.378566968751248512e-01,4.987033714374157767e-01,4.958259932847776108e-01,4.840758433897797697e-01,4.977586411271883726e-01,4.969676344025463766e-01,4.961239819168642984e-01,4.808671102707571809e-01,4.929432845314526968e-01,4.944086738102368428e-01,4.988296952563928133e-01,4.902217624965797271e-01,4.990371993735834288e-01,4.945210897425577068e-01,4.973299599721890396e-01
4.983077564261148007e-01,4.979005752238304106e-01,4.949574944300226820e-01,4.933794391767157839e-01,4.273407466863799464e-01,4.824782199434037300e-01,4.288877867651321174e-01,4.983099393989489645e-01,4.982642733869575569e-01,3.615772311223624524e-01,4.967345445609184229e-01,4.854140943985600920e-01,4.967497916770848287e-01,4.293139984154024646e-01,4.977904418442673506e-01,3.899061616642681138e-01,4.273735076061817018e-01,4.957962482828776052e-01,4.304586698938559497e-01,4.776141203717639283e-01,3.921365657753803080e-01,4.966283262006467858e-01,4.313496309288866182e-01,4.280879166713545958e-01,4.826180363759933756e-01,4.947315264203454022e-01,4.176199685030638209e-01,4.946157882856127008e-01,3.926939120388153182e-01,4.938617473388749457e-01,4.967488438955580676e-01,4.976815805226416645e-01,4.950809225649444034e-01,4.820538312467745889e-01,4.271607465096747824e-01,4.254645599501850617e-01,4.975219387247374891e-01,4.981071179550698447e-01,4.764237776074096153e-01,4.933416921975783409e-01,4.935777931320818324e-01,4.919936654814905941e-01,4.866918639954170844e-01,4.927741448230104071e-01,4.916208992834852354e-01,4.958921617891393074e-01,4.845520120165672795e-01,4.968692921621551406e-01,4.934039766584455422e-01,4.960517637852684403e-01
4.985107822478926920e-01,4.978922265815762249e-01,4.941123148357249306e-01,4.840732342774524133e-01,2.359678340589580203e-01,4.905482721436459359e-01,2.463718366704551188e-01,4.979026691222875889e-01,4.977614603827861250e-01,3.296749218633411305e-01,4.972521881174392089e-01,4.948216107430569721e-01,4.956122781095183005e-01,2.448335638433910000e-01,4.978204302517972302e-01,2.068272589509587145e-01,4.790917214112262457e-01,4.957303927053188786e-01,2.452279328589390406e-01,4.690130682899795178e-01,3.509786454077777340e-01,4.975914697347232907e-01,2.465305254886184239e-01,2.458510873910400851e-01,4.841129658104128541e-01,4.945699982261433925e-01,2.426875303902733816e-01,4.948978459114441453e-01,3.499647142611683193e-01,4.859132204192802007e-01,4.941934097911256374e-01,4.971689316896765742e-01,4.974120691324172561e-01,4.673535224828307966e-01,2.396389704020658318e-01,4.786974093342897252e-01,4.968216535454536564e-01,4.953632178516136908e-01,2.880191673124206098e-01,4.926261784029334345e-01,4.914668464886526866e-01,4.947664730342447581e-01,4.931350949279370566e-01,4.972777556646028052e-01,2.913653468950430092e-01,4.940139378599422981e-01,2.786061215197319085e-01,4.954828413450197422e-01,4.930961774583196844e-01,4.957827087247650977e-01
4.976297632603877141e-01,4.990719835977087127e-01,4.978928704322398979e-01,4.873768571778235859e-01,2.005099359590423180e-01,4.938572833357898761e-01,2.103344696567212291e-01,4.991378378778458802e-01,4.974265165462460891e-01,4.801407864837753392e-01,4.994198130882002151e-01,4.974161871260256995e-01,4.985880623230408148e-01,2.102374277729248120e-01,4.983173260461007947e-01,2.379258422062416056e-01,4.921541185283757058e-01,4.966059595321848374e-01,2.102103938260272975e-01,4.746915359300989401e-01,4.821363702851899635e-01,4.980054125344449689e-01,2.113057674979728351e-01,2.111468399945555796e-01,4.944355239058912388e-01,4.950331986185213529e-01,2.100519887803556363e-01,4.947816961531546487e-01,4.838285596190242677e-01,4.892944841461005501e-01,4.926595874553133525e-01,4.989551728873652947e-01,4.951413176346578515e-01,4.836158508465223660e-01,2.057604830280502506e-01,4.885299910120414757e-01,4.986865535275311068e-01,4.949935379177737849e-01,2.439866467303932751e-01,4.978485889581557022e-01,4.963938941990589937e-01,4.682147484380200231e-01,4.854103391889284524e-01,4.920394039655995311e-01,2.444336726026293261e-01,4.959913206034405886e-01,2.188665493888859448e-01,4.970411035453990434e-01,4.932839903957326744e-01,4.982379699344038904e-01
4.981228966685711246e-01,4.992855461157911234e-01,4.991186286838952268e-01,4.966847864172904692e-01,4.218711725920264444e-01,4.850090865341941671e-01,4.263895693681518106e-01,4.997682149778905902e-01,4.971837135016242692e-01,4.243362140037000296e-01,4.990940318068054493e-01,4.882635473300385165e-01,4.978949300156631508e-01,4.285375877130122024e-01,4.983716686231760562e-01,4.322090866136390486e-01,4.401934141350431484e-01,4.976569715285591999e-01,4.291446454172035407e-01,4.840021035188976639e-01,4.261308782697219022e-01,4.898382516568717260e-01,4.295833755620921957e-01,4.269617987235549972e-01,4.944400653948097246e-01,4.876706985376373371e-01,4.200208875570742295e-01,4.939347339529128744e-01,4.357133714176535388e-01,4.988163041715451551e-01,4.943608443072649017e-01,4.997629540684204730e-01,4.946321033879390594e-01,4.961011352558603593e-01,4.269444757535368895e-01,4.369788587119695089e-01,4.995231908300541979e-01,4.983305078553371126e-01,4.786079646936540199e-01,4.992423696753631179e-01,4.976293295001239514e-01,4.340091697827598294e-01,4.846112822795216046e-01,4.751196234383868733e-01,4.972310195121041332e-01,4.981607017221396649e-01,4.297392424865333904e-01,4.988324862363435197e-01,4.863812542688996654e-01,4.970481817004009928e-01
4.987584186959616028e-01,4.981191132487365891e-01,4.953256760232898626e-01,4.900458781319195767e-01,4.488805741075329592e-01,4.821084394678071261e-01,4.473276142712081516e-01,4.985461782513436746e-01,4.977722695315191515e-01,3.300875322505045784e-01,4.969183548614486967e-01,4.873843272883646716e-01,4.945464395988082296e-01,4.474262335068148189e-01,4.978785379590655036e-01,1.515231697954892987e-01,4.362851950097888509e-01,4.965369140510865198e-01,4.477355862041106915e-01,4.817352285631259501e-01,3.521847939998648536e-01,4.895696270314207066e-01,4.490355826017641272e-01,4.455909524408364630e-01,4.841554572602300155e-01,4.875689271456678520e-01,4.339325889371529743e-01,4.932509770465589582e-01,3.577146847116939865e-01,4.922623451054137789e-01,4.970230961469959685e-01,4.979829149498594676e-01,4.967346018966830035e-01,4.737852507713090633e-01,4.429676325518211444e-01,4.357441063294373862e-01,4.974665697154582733e-01,4.975786140434740323e-01,1.992275473502857774e-01,4.940150470327017151e-01,4.923142980110438716e-01,4.671654523962328609e-01,4.923598634715598554e-01,4.801797870338920249e-01,2.093746785888030149e-01,4.963366368067531620e-01,1.987925070959043750e-01,4.973659480696288604e-01,4.855164787232236212e-01,4.942863093148678888e-01
4.986915219578352265e-01,4.978018632778293817e-01,4.940030320526571095e-01,4.823093162614863205e-01,2.203633622994176922e-01,4.925585409627982747e-01,2.220984965501940356e-01,4.978518893426316927e-01,4.977274857784083628e-01,4.262407124998093821e-01,4.969757241124240776e-01,4.948939227548110331e-01,4.963596162614406504e-01,2.206568927015002679e-01,4.977829064992131403e-01,2.429484281553374314e-01,4.798498004866947886e-01,4.958124963330157176e-01,2.216366941778187549e-01,4.827205064880176755e-01,4.586300484065941596e-01,4.977220244528051674e-01,2.223016784634366805e-01,2.214213484819344824e-01,4.832134502542042021e-01,4.947611631456463877e-01,2.174865006972943327e-01,4.964213635910753597e-01,4.570636991184311992e-01,4.835291538536374278e-01,4.959466817419729279e-01,4.970934387557611189e-01,4.973966182087555810e-01,4.693716788963153141e-01,2.149719232786126422e-01,4.795139056562982560e-01,4.970038621243033083e-01,4.968743687710798773e-01,2.578544017299523872e-01,4.923354935341758831e-01,4.921478465052175344e-01,4.899149041268123228e-01,4.934850813206221876e-01,4.978200330792286743e-01,2.623616513762742630e-01,4.938004549084278327e-01,2.568966103650425215e-01,4.952812513188367127e-01,4.944123253955823860e-01,4.964031884383576787e-01
4.993497760038774769e-01,4.988667771675751039e-01,4.968827202573651292e-01,4.881933949588552202e-01,2.137851890955571876e-01,4.985883329570723332e-01,2.155108232465142160e-01,4.987988222769117463e-01,4.968125924683248207e-01,4.869830660923653576e-01,4.988202912652011101e-01,4.986385095193306416e-01,4.977851275067843306e-01,2.138553068502838939e-01,4.984302495445327441e-01,4.848442322553067618e-01,4.985942081066784826e-01,4.979129776604044877e-01,2.154336149416421209e-01,4.937892120696446563e-01,4.937217734032304794e-01,4.940870717370546283e-01,2.153758228315089951e-01,2.149659210880707771e-01,4.925656070776626705e-01,4.906358702826621454e-01,2.137078461563869936e-01,4.979447309987299897e-01,4.977272329300542753e-01,4.903629236309116624e-01,4.934994666487396708e-01,4.984645333580558502e-01,4.984132780002253349e-01,4.898237162852062121e-01,2.099765036398175411e-01,4.982872894796444019e-01,4.986516679249071160e-01,4.986935693736307407e-01,4.782076517915635483e-01,4.964049701695069094e-01,4.953995469494915094e-01,4.436077517674866244e-01,4.954243657344581386e-01,4.890211902718564208e-01,4.844247084390870817e-01,4.949173934170285061e-01,4.294480758347645755e-01,4.963217971797590500e-01,4.923110287208489755e-01,4.979498502432523344e-01
4.998801799779881150e-01,4.997700258177022459e-01,4.991659978171884005e-01,4.951381930101825812e-01,4.037653326017526245e-01,4.964010760540106815e-01,4.054360672826262668e-01,4.997539156003626415e-01,4.975996142190843852e-01,4.985538651721824199e-01,4.998335274942329320e-01,4.995752923167179893e-01,4.964925510528299113e-01,4.039964290292986648e-01,4.992395948542355244e-01,4.966889505479157862e-01,4.995347028739567929e-01,4.996297746129496620e-01,4.042988110420316361e-01,4.991613532025074296e-01,4.886979068907515433e-01,4.890214385808647757e-01,4.049563941792025390e-01,4.045585703898631480e-01,4.988302477978694971e-01,4.869122651586029193e-01,4.035994005903477677e-01,4.957759905280189616e-01,4.992547458869405763e-01,4.984475027091253563e-01,4.953471127958806175e-01,4.997173051995513204e-01,4.994864725580130949e-01,4.989193780213219132e-01,4.015477053081507597e-01,4.996068219998389126e-01,4.993788551389261032e-01,4.982653438347570685e-01,4.865879433121002573e-01,4.994541830941930383e-01,4.963989307175317722e-01,4.383678908302973132e-01,4.989195317861778722e-01,4.782233444278841117e-01,4.985666832844432572e-01,4.979807848544030024e-01,4.403836941567506602e-01,4.987769350055614725e-01,4.866674139465256843e-01,4.969706383627954804e-01
4.998643027034869735e-01,4.999868433957515013e-01,4.998589221558361051e-01,4.987859300406603524e-01,4.916313261351571984e-01,4.978686895445092464e-01,4.936807128502033737e-01,4.999903838339251894e-01,4.994794027018924498e-01,4.973873776137403557e-01,4.999868743380826985e-01,4.999253541678795321e-01,4.985180666504369085e-01,4.936602584234668911e-01,4.998208471277258425e-01,4.928301192739459324e-01,4.998195974965116140e-01,4.998515781108168743e-01,4.927830340723345914e-01,4.982284967317234803e-01,4.936670829977571895e-01,4.962533905267260126e-01,4.936362448792874225e-01,4.935869814901007735e-01,4.998932436963204329e-01,4.958303933738468783e-01,4.930385568521706285e-01,4.978564134066030267e-01,4.973851840970803795e-01,4.999782620477681294e-01,4.990698550750140572e-01,4.999907522533840742e-01,4.996731180824890428e-01,4.997290064999116432e-01,4.922924703571590066e-01,4.996258922150780823e-01,4.997152986971828414e-01,4.988140876352044062e-01,4.914193422390883415e-01,4.999888566660333211e-01,4.986154892432321240e-01,4.855209762004659702e-01,4.992704510752999369e-01,4.921966549395654922e-01,4.960789575867863843e-01,4.997179377566581260e-01,4.818314331916572768e-01,4.998925419120394675e-01,4.949872775923248036e-01,4.987359209172742558e-01
4.999788880564452476e-01,4.999987474697056289e-01,4.999915815386440365e-01,4.999196229679529480e-01,4.995615326788578892e-01,4.997981716251946316e-01,4.999399350925463614e-01,4.999998354684355162e-01,4.999690525388234552e-01,4.992347219946486891e-01,4.999971697190600528e-01,4.999698777002193339e-01,4.999117671534092922e-01,4.999814739180891143e-01,4.999889310283929800e-01,4.972221333579090463e-01,4.998923727249042770e-01,4.999770641231375268e-01,4.998880320101144470e-01,4.997177634824901959e-01,4.991084577691186075e-01,4.998346019119430106e-01,4.999688630173745318e-01,4.999654471237549025e-01,4.999555967453768179e-01,4.998028136723515202e-01,4.998375009822995096e-01,4.998502179186598560e-01,4.992771337948375132e-01,4.999995629537054564e-01,4.999745841036588589e-01,4.999998682588760457e-01,4.999550450614812513e-01,4.999692615703354992e-01,4.987751483167656152e-01,4.998547959450003186e-01,4.999574802870626611e-01,4.998999192794816859e-01,4.977863600461841509e-01,4.999995779904187199e-01,4.998250035168635974e-01,4.995687398629923837e-01,4.998751672202131902e-01,4.996164838429843491e-01,4.984817545567748476e-01,4.999646910095005836e-01,4.978945210559139189e-01,4.999987260678496193e-01,4.997308211105911946e-01,4.999213813190472866e-01
4.989368330512993777e-01,4.998758020487586995e-01,4.997913539929166316e-01,4.987007932992426062e-01,4.782904819605063862e-01,4.934451010332663312e-01,4.980605731249663215e-01,4.999791610727543079e-01,4.997876528519984429e-01,4.672297006073952708e-01,4.998922772143820081e-01,4.974921220882254635e-01,4.983505361842710535e-01,4.998994787942153684e-01,4.996020940264463972e-01,4.028783360601571051e-01,4.874395816668874448e-01,4.988497724701055902e-01,4.972131441860902501e-01,4.783901548425499306e-01,4.655573238449287610e-01,4.974079116563274172e-01,4.994850982827855890e-01,4.992953054586273254e-01,4.988919758404339877e-01,4.972208658510576806e-01,4.976440860824724588e-01,4.959324906686656265e-01,4.683995115592695657e-01,4.997834532092095827e-01,4.997158403267309423e-01,4.999767080515493678e-01,4.978563382304260765e-01,4.966975617315996239e-01,4.985297753493433404e-01,4.856808063110308882e-01,4.994498421281385325e-01,4.969499776821190151e-01,4.268789009308595062e-01,4.999263288388107185e-01,4.984220229931353163e-01,4.957715883779141297e-01,4.936838965885926300e-01,4.924673421124397543e-01,4.304988299453502143e-01,4.999086155188859903e-01,4.111674327299854048e-01,4.999583013846202184e-01,4.945585321016238156e-01,4.984174355473560691e-01
4.976835222573350315e-01,4.992448010936878511e-01,4.988512741001939754e-01,4.954842300303523572e-01,4.186243760028567351e-01,4.851748561899071888e-01,4.894806559999674289e-01,4.996785739931114412e-01,4.995306341854414689e-01,4.570605380597210776e-01,4.990632768848006218e-01,4.900782596979837979e-01,4.985920998215537248e-01,4.933842721144112708e-01,4.988508506676735954e-01,4.227515907297716424e-01,4.490831041835133264e-01,4.970493810038952298e-01,4.909301723125766848e-01,4.193042181082867192e-01,4.670567404319299620e-01,4.989690268937081452e-01,4.933136498606164322e-01,4.915417574545991597e-01,4.937862138268055978e-01,4.985285071121394740e-01,4.858648948714611171e-01,4.949415763540203628e-01,4.684296972106439805e-01,4.960042211431872072e-01,4.992627540191972302e-01,4.995813359175821922e-01,4.956298316670780246e-01,4.815478996228854114e-01,4.894657791305691563e-01,4.463631998531097378e-01,4.990266035249195098e-01,4.962570193195147694e-01,4.439567115207355141e-01,4.986647604154271218e-01,4.979250604595560903e-01,4.969797944391586286e-01,4.871235790744055660e-01,4.940352916518773174e-01,4.500191213412029212e-01,4.993474563653194642e-01,3.829028437158571996e-01,4.994403905736173876e-01,4.948001002808130044e-01,4.978724750867569715e-01
4.983126227687893484e-01,4.981394360086034978e-01,4.958890730163932892e-01,4.856509119264064145e-01,3.242721868877552760e-01,4.859903932947748362e-01,4.026209017994804573e-01,4.986748363751741797e-01,4.985463475783009080e-01,4.592430559050628136e-01,4.972325651077718622e-01,4.890231037472633213e-01,4.975736837798702128e-01,4.034950997994680155e-01,4.980476285837161510e-01,4.801700118789327676e-01,4.444570824907308482e-01,4.962621666995072900e-01,4.044240088302762937e-01,3.869423933683605599e-01,4.942625094725739965e-01,4.976111004114367464e-01,4.048946787971645644e-01,4.020068502751698580e-01,4.848983337685465744e-01,4.961432148658131980e-01,3.923638673889290884e-01,4.967393852389473397e-01,4.943446983428302355e-01,4.860513645874355859e-01,4.974694421273482270e-01,4.981794276156334411e-01,4.969698225143900916e-01,4.720873687291363141e-01,3.942561859201473284e-01,4.439944408198344128e-01,4.979607236738109455e-01,4.983064715091483632e-01,4.675410702797739848e-01,4.946071548611564728e-01,4.948629857474318716e-01,4.948648678608581486e-01,4.928370938238982313e-01,4.957876253527295773e-01,4.817241908371039383e-01,4.968239470077079889e-01,3.856457719298005404e-01,4.975626683647894066e-01,4.944589238171286372e-01,4.965399803575121229e-01
4.985898088045142562e-01,4.977645783260058465e-01,4.938464825308166994e-01,4.836002893299210514e-01,1.857162363660571636e-01,4.931480499532722162e-01,2.057286187606599259e-01,4.978619884799690976e-01,4.979388928822043314e-01,4.412509559356315170e-01,4.967045209410609341e-01,4.967977777156830088e-01,4.955225236777231479e-01,2.046967108422989290e-01,4.977380672584396093e-01,4.753014402071818467e-01,4.888844666920250104e-01,4.956492190118312324e-01,2.050883648306216223e-01,4.350531863476803651e-01,4.791114772486855800e-01,4.955720920296800558e-01,2.060182459488993367e-01,2.050789200033007742e-01,4.824875341665275097e-01,4.929918994709370783e-01,1.997045810282880307e-01,4.951568868734891882e-01,4.794600235776146913e-01,4.851968095972753470e-01,4.972038790200223324e-01,4.970691826486171583e-01,4.968639130207204713e-01,4.899269762623040814e-01,2.000604267791963042e-01,4.880569323989296104e-01,4.967930846724216698e-01,4.962105567410375895e-01,4.748015599829396027e-01,4.920883199487354753e-01,4.915716648930633648e-01,4.928870882753191296e-01,4.926705516986339406e-01,4.931264966581641040e-01,4.900013369067468538e-01,4.938756751115112031e-01,4.397126159416319124e-01,4.953023663219952022e-01,4.916630002875694849e-01,4.957023354431441819e-01
4.977617565202338001e-01,4.987533404242046053e-01,4.966908118703273201e-01,4.954577260346034739e-01,2.001502402659126323e-01,4.935731711691181411e-01,2.007342057865723339e-01,4.986991530884447577e-01,4.979145027888154384e-01,4.855246640423137583e-01,4.987139468084581528e-01,4.960716245980862915e-01,4.978470539312149223e-01,2.003191239758584929e-01,4.982725237054358436e-01,4.007427282821802161e-01,4.860708037316806007e-01,4.961680920891409219e-01,2.005682826892429826e-01,4.930146528076960188e-01,4.973816803909549833e-01,4.991033750666716284e-01,2.015071932888018447e-01,2.012710656480545535e-01,4.916003750599728939e-01,4.962418731383845816e-01,1.991216996339459644e-01,4.954665738853712975e-01,4.971259091269449315e-01,4.972049772896828812e-01,4.986824097337596573e-01,4.983348931086762357e-01,4.955360015383070693e-01,4.947438477423385939e-01,1.995239938732257801e-01,4.828620792573567466e-01,4.982321219480120855e-01,4.955033121629210946e-01,3.983403784026606220e-01,4.962121489067979896e-01,4.953961568847193297e-01,4.566311081036102393e-01,4.855187952047597122e-01,4.956371826765616495e-01,4.003031128125363880e-01,4.948223620986648141e-01,3.653217418668234240e-01,4.959456162810411128e-01,4.953211806641750758e-01,4.982594959077064622e-01
4.982885494118112213e-01,4.993545083129321549e-01,4.992696301161536065e-01,4.939231715738862660e-01,4.058310686292597724e-01,4.864504072576653626e-01,4.413467802225548575e-01,4.997799932506336029e-01,4.974467382950283345e-01,4.415667154193608224e-01,4.995998295266058653e-01,4.893873961213508483e-01,4.984192850665401520e-01,4.424032577559233181e-01,4.986597000040187688e-01,2.524283163638568750e-01,4.458764004751534782e-01,4.979689048354450365e-01,4.438971267249554042e-01,4.565315977970741956e-01,4.394121559322292647e-01,4.957100186824722199e-01,4.437377596101141908e-01,4.419493262710793013e-01,4.961309255854307598e-01,4.932286416515627714e-01,4.401166991976109277e-01,4.961408872661870473e-01,4.437536942325285838e-01,4.963094374496493932e-01,4.972874147835221748e-01,4.998305535200911476e-01,4.975259531331264196e-01,4.787423945822846250e-01,4.380617178707943982e-01,4.449301369260730832e-01,4.996514982009261918e-01,4.983934708394402446e-01,2.798710873449259395e-01,4.997312529421268912e-01,4.976880573832148102e-01,4.206559961236023271e-01,4.920414988814564294e-01,4.891047219646537658e-01,2.832251902523466036e-01,4.980838931843503681e-01,2.202779819558531305e-01,4.986932522525179268e-01,4.925893781653615799e-01,4.975999362487558142e-01
4.989887558470026407e-01,4.984262043165295086e-01,4.964265253234519393e-01,4.825769367600739601e-01,3.401919903376245946e-01,4.856062232065204154e-01,4.382977343051620012e-01,4.989926345434734789e-01,4.974906201800594063e-01,4.265055351105832004e-01,4.976356371942783907e-01,4.919904812915630865e-01,4.949286828478210998e-01,4.384757712231278637e-01,4.981015512678032553e-01,4.418558471356360262e-01,4.587944558235648729e-01,4.973619765742831600e-01,4.385279343724227674e-01,3.755276681940969419e-01,4.471464422390203364e-01,4.894183139766987156e-01,4.395932839361583744e-01,4.365684565806926543e-01,4.872238157684024018e-01,4.873723232447063625e-01,4.275325551465146701e-01,4.934806045642377570e-01,4.547556716882718009e-01,4.855256002849775987e-01,4.950637369371970742e-01,4.986081292764483752e-01,4.981410549560486012e-01,4.841229619863112732e-01,4.268760051863572658e-01,4.594163375902544644e-01,4.979070091807797360e-01,4.975161127504347247e-01,4.633952384534850699e-01,4.956427842017775420e-01,4.929281447583707121e-01,4.618786469659324490e-01,4.978505882617515477e-01,4.803374223459661030e-01,4.848769821693028614e-01,4.973515400994878988e-01,3.525700684204880475e-01,4.982666549938729594e-01,4.848532307411125841e-01,4.940493490949239841e-01
4.986227309228312699e-01,4.977408588360514030e-01,4.938513355187666432e-01,4.868274449569334195e-01,1.493954198741783423e-01,4.937990457525168186e-01,1.944401522568393881e-01,4.978883886023502958e-01,4.979656817396779234e-01,4.432107518915878175e-01,4.966372342899880721e-01,4.973258441219622350e-01,4.956362783574242425e-01,1.935576154181059272e-01,4.977244089012432537e-01,2.344178120277582433e-01,4.922435373139992243e-01,4.956819889489372244e-01,1.939304512383252244e-01,3.689414772696073541e-01,4.829884937143993917e-01,4.949707934904402085e-01,1.947643328912776750e-01,1.937993343195017204e-01,4.822300045242682853e-01,4.925207747350027754e-01,1.881927628915524287e-01,4.952309846563804352e-01,4.839331965072141140e-01,4.884078374439081438e-01,4.965703294582377025e-01,4.970921406381009766e-01,4.967431381118463940e-01,4.961685946763653154e-01,1.903755535766296358e-01,4.913594978376034095e-01,4.968164037185157089e-01,4.964653722715207662e-01,2.306433710149183858e-01,4.920586634207649857e-01,4.917208092142486553e-01,4.892453020489375137e-01,4.926819475274724081e-01,4.918600399053994487e-01,2.391441338683373830e-01,4.939178435552487034e-01,1.812429302781039531e-01,4.953225189986313337e-01,4.911956077710373236e-01,4.956779539709207927e-01
4.990845114887647038e-01,4.985244389045402902e-01,4.958548982926699877e-01,4.948384626133334740e-01,1.766127577705066121e-01,4.983058958423406404e-01,2.004932780461092245e-01,4.984423620714789060e-01,4.973805972699965050e-01,3.750207200834757559e-01,4.981447312132580296e-01,4.984086619992909584e-01,4.975346272976323148e-01,1.989665358954938457e-01,4.983078525499715083e-01,1.854463866494820146e-01,4.986200858948508507e-01,4.971566526787116191e-01,2.004293863676365195e-01,4.329004586828345547e-01,3.909987139346390306e-01,4.978223806030157572e-01,2.004687585324911869e-01,2.000022234713242641e-01,4.897712633585953879e-01,4.944846366154500017e-01,1.969264627879481200e-01,4.976217133250113722e-01,3.907359409550848484e-01,4.969416505172218890e-01,4.981353965531277739e-01,4.979652097454690951e-01,4.980521107474532028e-01,4.978438186149631850e-01,1.982412988310539581e-01,4.979610816848439314e-01,4.981944566366663385e-01,4.983911143930332965e-01,2.310336632127267809e-01,4.950680698157665094e-01,4.943687895250635789e-01,4.353220080931529123e-01,4.940245584988035010e-01,4.968533617494256815e-01,2.343738321689370629e-01,4.940271235074119582e-01,1.807068951665481149e-01,4.954248915543952858e-01,4.961171078729681994e-01,4.978693296956527292e-01
4.998087768501630057e-01,4.995826800807700585e-01,4.986116875975136198e-01,4.956840799054366697e-01,3.901107250763782841e-01,4.955955744158911935e-01,4.016590455331232046e-01,4.995496009041652252e-01,4.973440798391661199e-01,4.174082283112435787e-01,4.995956423358162701e-01,4.993284382510300157e-01,4.961538517475577725e-01,3.996802292360558950e-01,4.990846918481144368e-01,3.934304476851652743e-01,4.992884261550677993e-01,4.993335402585605820e-01,4.003258947221842723e-01,4.853865940230093212e-01,4.132052676580025286e-01,4.915270623282710361e-01,4.010517998022818387e-01,4.007009556299477859e-01,4.977265047786524899e-01,4.888343002599139231e-01,3.990826463103059329e-01,4.944350068432399881e-01,4.197434846306452583e-01,4.996381098397285614e-01,4.974243131073235458e-01,4.994662664362024551e-01,4.990902155197700640e-01,4.991874881383527862e-01,3.981791833075285503e-01,4.989869306851860697e-01,4.991150199441019564e-01,4.978808815614491068e-01,4.598198938033259964e-01,4.989085655472301761e-01,4.951507793709373773e-01,4.221553432084225732e-01,4.977334522469550881e-01,4.831176352089254222e-01,4.689982842296370191e-01,4.972506921516956502e-01,3.892651263238817161e-01,4.982047063394838271e-01,4.887593060742073670e-01,4.965026567992364415e-01
4.997909553889314793e-01,4.999652607598671916e-01,4.997248338806870027e-01,4.978744932362856868e-01,4.915326579765494364e-01,4.961909347488505095e-01,4.925468476310465582e-01,4.999654778048763237e-01,4.990042595867202890e-01,4.909343981729429318e-01,4.999652140139933532e-01,4.997446078624319665e-01,4.975433184536101061e-01,4.923697706375426142e-01,4.996654025036459945e-01,4.896290265539368081e-01,4.991902220140942981e-01,4.997552939319715448e-01,4.909526155497453970e-01,4.991487531245166753e-01,4.851809638245990208e-01,4.940896776167763571e-01,4.924418250862356294e-01,4.923866148465931847e-01,4.997804752525183414e-01,4.932389934410508214e-01,4.915835135178276971e-01,4.958511224876943069e-01,4.909925970323391620e-01,4.999814113141354821e-01,4.983803556275560598e-01,4.999655906000258776e-01,4.990785187897465169e-01,4.986323032620484375e-01,4.904575161553768603e-01,4.984946858787516200e-01,4.995080307338642389e-01,4.979421413024803234e-01,4.928021163268538896e-01,4.999512742552571498e-01,4.975280961940088398e-01,4.752009315112998289e-01,4.977687784334586252e-01,4.873652503769420052e-01,4.998259980721198037e-01,4.994674931490646341e-01,4.773923191465650473e-01,4.997951752709361428e-01,4.918575074332801611e-01,4.977896439182873944e-01
4.999944494906964909e-01,4.999996581042229216e-01,4.999967087666284393e-01,4.999519109042139253e-01,4.999880412807336527e-01,4.999080190037088478e-01,4.999766741841607520e-01,4.999998238975986720e-01,4.999738928869496002e-01,4.999924587910035689e-01,4.999972729684252215e-01,4.999798101655224536e-01,4.999722547443804510e-01,4.999950754708098466e-01,4.999959540321751161e-01,4.998523692193344026e-01,4.999470958905615214e-01,4.999930249189005749e-01,4.999681623729421154e-01,4.999562179352404767e-01,4.999279356045056577e-01,4.999414282378132346e-01,4.999922227376299433e-01,4.999862032736569484e-01,4.999527051506038045e-01,4.999119514149977239e-01,4.998507436282789151e-01,4.999531884579615504e-01,4.999873815168212055e-01,4.999976268758372089e-01,4.999817367290361192e-01,4.999999213854156577e-01,4.999844317170292207e-01,4.999575693112496277e-01,4.983321192463426308e-01,4.999328704495457076e-01,4.999662198158601467e-01,4.999703129440765115e-01,4.993302874642827072e-01,4.999995198930226037e-01,4.998672257007845676e-01,4.998640395742767750e-01,4.999536312069214339e-01,4.998638525948833067e-01,4.999757557907220651e-01,4.999582589979059688e-01,4.998575543398318111e-01,4.999996906474861169e-01,4.999038345592892729e-01,4.999686513100055074e-01
4.993743592444216950e-01,4.999479734385017804e-01,4.999005266704689698e-01,4.983922683445576318e-01,4.992762166506585775e-01,4.957685987170998287e-01,4.988741864875568810e-01,4.999930950258382190e-01,4.997695697033342488e-01,4.996106658266668554e-01,4.999553926895955458e-01,4.981955535927310441e-01,4.988541906699193729e-01,4.999265313346949458e-01,4.997447335041594885e-01,4.738135084790413565e-01,4.908566475040453958e-01,4.993310542831461696e-01,4.983215884330796097e-01,4.995994380809176683e-01,4.969636338649769947e-01,4.973241364218733973e-01,4.996923306755990946e-01,4.995488597569670564e-01,4.994153128671013353e-01,4.971651239181610893e-01,4.986453907356049320e-01,4.976722161545205636e-01,4.999068012175592601e-01,4.990829071589780175e-01,4.990602601145072148e-01,4.999926255450042323e-01,4.988117445384248061e-01,4.955662666261846927e-01,4.973055654672338122e-01,4.899031162047920995e-01,4.996591534953200853e-01,4.981591136723487745e-01,4.714677540843474901e-01,4.999785372495226810e-01,4.990188104933213631e-01,4.974853574419523250e-01,4.963894586895480354e-01,4.933225648098617522e-01,4.750592581195473008e-01,4.999039853343809070e-01,4.740428709120266260e-01,4.999838953062483160e-01,4.956020914307043834e-01,4.989936924385668382e-01
4.980716700091915583e-01,4.994885524825756207e-01,4.993299061435926278e-01,4.927269324834902542e-01,4.867199000498584338e-01,4.882270728191799858e-01,4.863071132270855301e-01,4.998245429652771188e-01,4.996064101016527426e-01,4.823918874490170094e-01,4.994726297371614443e-01,4.923766682723259014e-01,4.985269710764291262e-01,4.894581818685549424e-01,4.991293177014606841e-01,3.246975600464703238e-01,4.602890986781471572e-01,4.976839659408122118e-01,4.874073827168045048e-01,4.955151047863455838e-01,4.847056226049665795e-01,4.973272802561755634e-01,4.892540652187830075e-01,4.879437120305329390e-01,4.957872768041939326e-01,4.970265989921008876e-01,4.853562091324502004e-01,4.969518140609822110e-01,4.877000868704404746e-01,4.932000440783155804e-01,4.982914450601285683e-01,4.997817232192052206e-01,4.975632389124965416e-01,4.893929358601881718e-01,4.818782306157510242e-01,4.590397249253861944e-01,4.992779389621364583e-01,4.967980059852430963e-01,3.293542819797962151e-01,4.992866801139339006e-01,4.986193632178951840e-01,4.974011933032921884e-01,4.926047305652087593e-01,4.923302741582696873e-01,3.329162230841983816e-01,4.996432766667252001e-01,3.319426229488328106e-01,4.996963714395072920e-01,4.938825627394132223e-01,4.982886185071583318e-01
4.983697451236646092e-01,4.984191156156039249e-01,4.968673215872900784e-01,4.886249255862318841e-01,3.693447516274820375e-01,4.896088386274125015e-01,3.808521474575923826e-01,4.990326275566949743e-01,4.988586088059279722e-01,3.763477662648772593e-01,4.979325469743653976e-01,4.926443239357135573e-01,4.982944266233270136e-01,3.820399912424461975e-01,4.983773649659887228e-01,3.136816777994834715e-01,4.621648550081973728e-01,4.968074526586541695e-01,3.827148796825178834e-01,4.716504490168527686e-01,3.971839607313404352e-01,4.987907209740296555e-01,3.829293888479716745e-01,3.806013458949537021e-01,4.876108575535909595e-01,4.976993692421343707e-01,3.751078905160643573e-01,4.980528442883441209e-01,3.967386399918800266e-01,4.889814228194550028e-01,4.982478068807977833e-01,4.986793910838628330e-01,4.981549093673379169e-01,4.953853052719885408e-01,3.746099161099598063e-01,4.626166362298747559e-01,4.983998505520269018e-01,4.984610260357527634e-01,3.854647057439433699e-01,4.959621342588074189e-01,4.962626470018994262e-01,4.967184514331581813e-01,4.966953801157489856e-01,4.984312603308411749e-01,3.924893011240033203e-01,4.977139400393469915e-01,3.792042659359193824e-01,4.982082296893737827e-01,4.957852778616561040e-01,4.971405954793273185e-01
4.986895639342114883e-01,4.977188049393447833e-01,4.939967539118724216e-01,4.932909025166391515e-01,1.560632307811597730e-01,4.947279258514964972e-01,1.787452877335326540e-01,4.979917937261664762e-01,4.980273596540709669e-01,3.233642568409367812e-01,4.966848253932739654e-01,4.979932675435409517e-01,4.961675941727523020e-01,1.781141714098449791e-01,4.977368843363717543e-01,3.338447381984783191e-01,4.944399371813795740e-01,4.958232646865373683e-01,1.784655002404603730e-01,4.185781030221986665e-01,3.532873811361169625e-01,4.949702898410621166e-01,1.791358998837072891e-01,1.781734087264675026e-01,4.821311500502974412e-01,4.927637904291787829e-01,1.728998066106733622e-01,4.955628888714836422e-01,3.540544496847583544e-01,4.948217581673413079e-01,4.966029375245015198e-01,4.972137096357138741e-01,4.966538522519889920e-01,4.947676984581030890e-01,1.773497976377013952e-01,4.936357727072474000e-01,4.969590072242106582e-01,4.969789724750712234e-01,4.492292923334932353e-01,4.922143775472248572e-01,4.922812256652279173e-01,4.902177944382933306e-01,4.927491439323465894e-01,4.917414689850611587e-01,4.665551414539486630e-01,4.941294838748169771e-01,4.020916186410269932e-01,4.954666746919827447e-01,4.914279702882510814e-01,4.957638329566688706e-01
4.978684972250291274e-01,4.984374425748815396e-01,4.955064154193112302e-01,4.952698555431891414e-01,1.589987861143327963e-01,4.934335500371876404e-01,2.033214890501219008e-01,4.983149590089795411e-01,4.981518870156655954e-01,4.558474449163982256e-01,4.979024270254541751e-01,4.952199313604222497e-01,4.968388896934012311e-01,2.026689011817477959e-01,4.980939569911539966e-01,4.256302938736744590e-01,4.819691737794820074e-01,4.957140540259550310e-01,2.031427236301765749e-01,3.804128214234482885e-01,4.788119561357260801e-01,4.966733475812246668e-01,2.039715310581340091e-01,2.034766206847752334e-01,4.884770411549662072e-01,4.939951127451940316e-01,1.983067018765166112e-01,4.966368323674238971e-01,4.799158783269253381e-01,4.969638613290477958e-01,4.962547196116119386e-01,4.977618242604714416e-01,4.964799593960555479e-01,4.926262994820397867e-01,2.019682779001371886e-01,4.798439731270092712e-01,4.977856112454683291e-01,4.960113646235394524e-01,4.293041911069463978e-01,4.945581106086721634e-01,4.943436412864239404e-01,4.441968271302211280e-01,4.880961454347002015e-01,4.928030426339045644e-01,4.404173215524810892e-01,4.937677484001047890e-01,3.069940763008084939e-01,4.950274268627304353e-01,4.936587804302214333e-01,4.978225971957936924e-01
4.983706741626753312e-01,4.993313429102341772e-01,4.989149721232353785e-01,4.897704521506875963e-01,3.764489448426308060e-01,4.891208747052902539e-01,4.557139126798001039e-01,4.995941611526630854e-01,4.979255422115002050e-01,4.451057355946250182e-01,4.995360125246472993e-01,4.918212564141705712e-01,4.977481553811223258e-01,4.557237122325882850e-01,4.988753383492547377e-01,4.316080355503056354e-01,4.590719036377221007e-01,4.979250164944790669e-01,4.579054482922387814e-01,4.111881122981229653e-01,4.444838995209124399e-01,4.994206949042676591e-01,4.573772312456256817e-01,4.560079867652401253e-01,4.963340036195274529e-01,4.967821472078882139e-01,4.544265979741621830e-01,4.970316752753196621e-01,4.451239359674645235e-01,4.923199667753331843e-01,4.984859703860017310e-01,4.996128174034085712e-01,4.991990434587455505e-01,4.980090556901999310e-01,4.474878435746760252e-01,4.592435846379138153e-01,4.995037068781185696e-01,4.983246400471274540e-01,4.828614248622458693e-01,4.994469702671481270e-01,4.969640744496796048e-01,4.066900486040708196e-01,4.968146445397380595e-01,4.982224380744981751e-01,4.840216411142900244e-01,4.976084674571704114e-01,3.271291045294446032e-01,4.981801915850810336e-01,4.967690469358614358e-01,4.978249952557318725e-01
4.992323543563998989e-01,4.987279078581808300e-01,4.975071078456014262e-01,4.901159442025100899e-01,4.092803782509725208e-01,4.887447346744677179e-01,4.260776990705872347e-01,4.993847524470236277e-01,4.974249676906748463e-01,3.718837179650370528e-01,4.984532075688750119e-01,4.962197960383628592e-01,4.954155319758876685e-01,4.262591260178176245e-01,4.984501853111250602e-01,2.784570187322049639e-01,4.805043839878115897e-01,4.981946182076573137e-01,4.259778633338260900e-01,4.727862400569163293e-01,3.812268276283142243e-01,4.929992815644551607e-01,4.270481646021193622e-01,4.248028646163115041e-01,4.905803226331630351e-01,4.907793313192401197e-01,4.223249529718217099e-01,4.919052152456318550e-01,3.855117135689172803e-01,4.938712518132369333e-01,4.985940766941259761e-01,4.991911571954209537e-01,4.979708910693524948e-01,4.925087656626740973e-01,4.208941225618585413e-01,4.807260080942766245e-01,4.983079276983137795e-01,4.973102786554485788e-01,3.512728145440616734e-01,4.973116646181540701e-01,4.934124475613333449e-01,4.567994350586783159e-01,4.981983953397058906e-01,4.862885386787839659e-01,3.593301307646840637e-01,4.982832382980433295e-01,3.198738423154668942e-01,4.990246626287471732e-01,4.878977313864378274e-01,4.941150847513521294e-01
4.986532759213171406e-01,4.977811345964419099e-01,4.941385774810274634e-01,4.947363681084319675e-01,1.735392454518629723e-01,4.935457534202333796e-01,1.755650579920956522e-01,4.980992829477031147e-01,4.978673142981742128e-01,4.333476782959597151e-01,4.968194805037795536e-01,4.984553981848429682e-01,4.955550071684567404e-01,1.751188154258438989e-01,4.976946457453209627e-01,4.509685502505870747e-01,4.976340924010796973e-01,4.958875466393170006e-01,1.749837411502769002e-01,4.748966337679806915e-01,4.700236722017904212e-01,4.923342533169766111e-01,1.759863489022998884e-01,1.750870001566992296e-01,4.825211384961961003e-01,4.902042766485002478e-01,1.701658070794656585e-01,4.937657810475155062e-01,4.737375864602314524e-01,4.969189290718612484e-01,4.968546747035476052e-01,4.973388097483615322e-01,4.959747408286731551e-01,4.921138098942720585e-01,1.749387977547542661e-01,4.962523956188278906e-01,4.968251502384941620e-01,4.960387064394288781e-01,4.532421197735954643e-01,4.924360599550390294e-01,4.918379488957799750e-01,4.891681560491211167e-01,4.910906944148750730e-01,4.857082350394568149e-01,4.727133515828985666e-01,4.943726987624919023e-01,4.611866791213918293e-01,4.957255458160180761e-01,4.878402464308074227e-01,4.949862744113649460e-01
4.988083709289750090e-01,4.982084013440861159e-01,4.948903066659465222e-01,4.955597160432759773e-01,1.777241741548889198e-01,4.975486721339718588e-01,2.003145784835508592e-01,4.981479217723209230e-01,4.978866533448077503e-01,4.644176822776164837e-01,4.975407868034654735e-01,4.978294813251996631e-01,4.970717581536536200e-01,1.989392646762188077e-01,4.981429670607291360e-01,3.011916326366650409e-01,4.961058470096648132e-01,4.964259757098941073e-01,2.002681226395417180e-01,4.298472772933564778e-01,4.965153084688921914e-01,4.983898260039791306e-01,2.004347754875182297e-01,1.998236952212339712e-01,4.870234509455994010e-01,4.953676456350357138e-01,1.943434250720899314e-01,4.975174695845487882e-01,4.950311355080440623e-01,4.975687469722154810e-01,4.975531734778905202e-01,4.975249434781347513e-01,4.978193016080434963e-01,4.975585174012855383e-01,1.986190217669629166e-01,4.953985167109904997e-01,4.977653001253345977e-01,4.981091448017954115e-01,2.932201104019140914e-01,4.937844782572747837e-01,4.936025227219285605e-01,4.277044149151510988e-01,4.933624843666790660e-01,4.984670418732548014e-01,3.008088887393214339e-01,4.933022087238476683e-01,2.293984402774880971e-01,4.947027363764348040e-01,4.967568018805854635e-01,4.975625697231902955e-01
4.996922162955723112e-01,4.993311530231568929e-01,4.978524534832666215e-01,4.949486834858842776e-01,3.434710167438469464e-01,4.949102578457360013e-01,4.063189314537847818e-01,4.992724327000624407e-01,4.974375726024341526e-01,4.895639998302807605e-01,4.991743199363281036e-01,4.990917471113546222e-01,4.956881843238493124e-01,4.039129499388789402e-01,4.989784523474089517e-01,2.747118769189520471e-01,4.991505588391715320e-01,4.988932856548277117e-01,4.048201972891409262e-01,4.190710504165587880e-01,4.940393583551912493e-01,4.953055643427458077e-01,4.056746513202365012e-01,4.053089719992493123e-01,4.960746787684155445e-01,4.922103689348926725e-01,4.010964672943237441e-01,4.926802876197277636e-01,4.977009015996906593e-01,4.993471850483774954e-01,4.991413804271798704e-01,4.991112857030096661e-01,4.982206209889383230e-01,4.904375828501734147e-01,4.022786660359809474e-01,4.979179402321874393e-01,4.987722192260282128e-01,4.975440689391535387e-01,2.703374444404407773e-01,4.980884043157972063e-01,4.937816537637575998e-01,4.062838340135077608e-01,4.952916572466280476e-01,4.902234491615558576e-01,2.750857018668815823e-01,4.964707902710678855e-01,1.913163796988392173e-01,4.975123643516761174e-01,4.923246360373971231e-01,4.961329599051457762e-01
4.997215934872839549e-01,4.999112534108582362e-01,4.995059027422873443e-01,4.963247814691004733e-01,4.558792129735935728e-01,4.939795466033809479e-01,4.929784599869960204e-01,4.999070542816813068e-01,4.985163545981716737e-01,4.902811099945756923e-01,4.998881681688268630e-01,4.992624941714240427e-01,4.965479836709761341e-01,4.925580714960788309e-01,4.995040124638520096e-01,4.598420260148564642e-01,4.972492006355822003e-01,4.996327852497104427e-01,4.905390338777583792e-01,4.621880578297050679e-01,4.842372406947302310e-01,4.932373426758963064e-01,4.928147606872685937e-01,4.928151551326815372e-01,4.995341317469803588e-01,4.918443093987381887e-01,4.915079575393885292e-01,4.930677825662638791e-01,4.909180205037834699e-01,4.994806629457207436e-01,4.993606613441171627e-01,4.999033218639423182e-01,4.980156190393765225e-01,4.913706175960675937e-01,4.895846374604553297e-01,4.955395579820278118e-01,4.992438234322175705e-01,4.969245936344579007e-01,4.621825168035967324e-01,4.998451819899112913e-01,4.961239037003063457e-01,4.637163461504154038e-01,4.948285107006918371e-01,4.847413550700072071e-01,4.698247605858656972e-01,4.991399269517436399e-01,4.070532741307884561e-01,4.996360237676488181e-01,4.898856195344140074e-01,4.967576833206215348e-01
4.999224574934095777e-01,4.999979441781342571e-01,4.999722134261865847e-01,4.995050864126823198e-01,4.969116268086698485e-01,4.991253656805673122e-01,4.998384971951697620e-01,4.999988492249254901e-01,4.998620828193555687e-01,4.968416884402582223e-01,4.999931927940660104e-01,4.997611254788818513e-01,4.996546044090737770e-01,4.999446138807185913e-01,4.999444846758231420e-01,4.961392758571619432e-01,4.988727901517050478e-01,4.999169831474531422e-01,4.995932025721259717e-01,4.971149890366690638e-01,4.960308372653411402e-01,4.991240263947710476e-01,4.999175917727277096e-01,4.999048777030843937e-01,4.999042873158049405e-01,4.990085178230129204e-01,4.996013292301649811e-01,4.993222030611375040e-01,4.969273108033043229e-01,4.997998657706700376e-01,4.998544268015548964e-01,4.999989660380881329e-01,4.997520508037512355e-01,4.993084385242401169e-01,4.974791705938956810e-01,4.986593310631589060e-01,4.998894735849345183e-01,4.995892674907460584e-01,4.983488032473223917e-01,4.999986397580059583e-01,4.995753604691831606e-01,4.983339810790636815e-01,4.992868871641502615e-01,4.979802212942776030e-01,4.999516483760169661e-01,4.999125476404673862e-01,4.959274093621428570e-01,4.999961211461907973e-01,4.987084027812865861e-01,4.996759882306406886e-01
4.997064601698877340e-01,4.999845300389806346e-01,4.999605167917691717e-01,4.988078898215738688e-01,4.966168832753943829e-01,4.978631361405131406e-01,4.994361192276877137e-01,4.999981369562749300e-01,4.998168616090743477e-01,4.912376537031452051e-01,4.999819738498558208e-01,4.990382263846968591e-01,4.994002857253631023e-01,4.999010406640287396e-01,4.998634402982897185e-01,4.901897829014588148e-01,4.951239486752002650e-01,4.996872898697090615e-01,4.991555282793398995e-01,4.970210352074988513e-01,4.895235140443966460e-01,4.982183126521539940e-01,4.998061536029179686e-01,4.997147455861078447e-01,4.997185758062999694e-01,4.980950091321577622e-01,4.991593012961503262e-01,4.989847750256106163e-01,4.913767604837292469e-01,4.991799257730250572e-01,4.994455703395587198e-01,4.999979230002088992e-01,4.995227574834503192e-01,4.991893585642498965e-01,4.967880375513188396e-01,4.947611698724518337e-01,4.998177884044963104e-01,4.991117413230586330e-01,4.970988243665070971e-01,4.999947885778154855e-01,4.994676522583879619e-01,4.988059352620621278e-01,4.985093927011161052e-01,4.958833796757332602e-01,4.997894721796834472e-01,4.999052085615897645e-01,4.965466405259293392e-01,4.999948615135326180e-01,4.973754184700843739e-01,4.994803671006060597e-01
4.984820543958334293e-01,4.996962991097746998e-01,4.996557162868848767e-01,4.956678235703050328e-01,4.804105744396068300e-01,4.915770658456695141e-01,4.840378279505843651e-01,4.999125651799876668e-01,4.995715058545012188e-01,4.815444115640907796e-01,4.997057192759861155e-01,4.948688408340079503e-01,4.984243733249822395e-01,4.863982771847596975e-01,4.993334599699384424e-01,4.355438884188289062e-01,4.729095700932401392e-01,4.982562612379746181e-01,4.848127019593367337e-01,4.940860403637180598e-01,4.787332269129110918e-01,4.953221243117289507e-01,4.861778672670200030e-01,4.851412194748997431e-01,4.972742761817122159e-01,4.950749480430067240e-01,4.836484152853248175e-01,4.983517188757127236e-01,4.835384224738631387e-01,4.961099742793532164e-01,4.963849959785189281e-01,4.998983983249747909e-01,4.988310997662796509e-01,4.981453616500879922e-01,4.807488343005957843e-01,4.725850373754540423e-01,4.994751307077069380e-01,4.974177842404874372e-01,4.462163487189150790e-01,4.996636751098472162e-01,4.990663577030125531e-01,4.976427326595821987e-01,4.964466426764321816e-01,4.894136100847961690e-01,4.520101756339418020e-01,4.997652176056026629e-01,4.477384226302584258e-01,4.998433789442945363e-01,4.926245254186952804e-01,4.985990540255899606e-01
4.984698928727466227e-01,4.987473439268793607e-01,4.978054854620181380e-01,4.965790963021621818e-01,3.673690453660142241e-01,4.927378588738289267e-01,3.667321835672315289e-01,4.993419450674089211e-01,4.991245197570000625e-01,4.814735889232817923e-01,4.985491029740594104e-01,4.956533015603291625e-01,4.984830554240717859e-01,3.681227532612543762e-01,4.987181231989072372e-01,2.408418836978883926e-01,4.772793951033372783e-01,4.973581212128693196e-01,3.685327394541338397e-01,4.937340648639353402e-01,4.967669216665628329e-01,4.985131380450997796e-01,3.686255946298559460e-01,3.667315183198615047e-01,4.903660435243398230e-01,4.977432385263442227e-01,3.649118520690062817e-01,4.987580379094831429e-01,4.970573746548591632e-01,4.969180111448806558e-01,4.947327008115764424e-01,4.991179415742107994e-01,4.987865781308410407e-01,4.971100833248292550e-01,3.658417177719846536e-01,4.780758360809940211e-01,4.987904132322970585e-01,4.985897764188477188e-01,2.388989055564873509e-01,4.972160352182396492e-01,4.974666826760723026e-01,4.974170518271274211e-01,4.985820998250360958e-01,4.976579355702410168e-01,2.411153620031266931e-01,4.984492397979864431e-01,2.409772668584581889e-01,4.987377936915456944e-01,4.957533158861219813e-01,4.976961115427136484e-01
4.988110943821475463e-01,4.977740885562965678e-01,4.945306741553399665e-01,4.954764888017795799e-01,1.648290326795565641e-01,4.954965947998053455e-01,1.672823624345943783e-01,4.982487572512271368e-01,4.981794844972717295e-01,4.532142673512332687e-01,4.970759366375939736e-01,4.985287307376318200e-01,4.972282949985070144e-01,1.669389099131187715e-01,4.978767794607876773e-01,3.269961232768169856e-01,4.965449951925339223e-01,4.962192093375256130e-01,1.672610916886404508e-01,4.772494744417634105e-01,4.908287298342887683e-01,4.963721433986230669e-01,1.677456956882915629e-01,1.668679647426318524e-01,4.829750831879209283e-01,4.945121304736370127e-01,1.635368902870653618e-01,4.963084148590973244e-01,4.908371146979420008e-01,4.969656166144424958e-01,4.966670621329745683e-01,4.975522802172427927e-01,4.969816637034866758e-01,4.966181630034776084e-01,1.666371942613098234e-01,4.962734323770109368e-01,4.972709577650247237e-01,4.976459814553116368e-01,3.210237234572683174e-01,4.929225922684923877e-01,4.934493127416146874e-01,4.871505953750474016e-01,4.939288028217530546e-01,4.945157379023961686e-01,3.294959894311088600e-01,4.947319576508681371e-01,3.180970846455247192e-01,4.958923611782041219e-01,4.930703449104698044e-01,4.960783638747069957e-01
4.979831803583139593e-01,4.981204414933348978e-01,4.945016952544080691e-01,4.934435740357505651e-01,2.102404946886114734e-01,4.938060555582579614e-01,2.163340079157754225e-01,4.980570841407940819e-01,4.981461691864834673e-01,4.535830002912076275e-01,4.974241988654594104e-01,4.952033860520481667e-01,4.965151431514729929e-01,2.155012892508307853e-01,4.978453369395627881e-01,4.548272227805319479e-01,4.817477809628303298e-01,4.953850314817148659e-01,2.161824052123444695e-01,4.681975550554615673e-01,4.849923614064994837e-01,4.936871657136440716e-01,2.169331801959223094e-01,2.162029652352344400e-01,4.856993886051936826e-01,4.911651297737456012e-01,2.088587534428497927e-01,4.976242170601373194e-01,4.881161611522016885e-01,4.952215587225479720e-01,4.973620945891207290e-01,4.973456763346361664e-01,4.973314337229558513e-01,4.865504568429750432e-01,2.140450498677121394e-01,4.809188970284422049e-01,4.974473847777954316e-01,4.965300980716217394e-01,4.446278550460370238e-01,4.932034406562272322e-01,4.937015338879730542e-01,4.324337763115789768e-01,4.915018845856807816e-01,4.886211265394395653e-01,4.633123182815712671e-01,4.930175220831715666e-01,3.912685036551603046e-01,4.944422967061077312e-01,4.911853775819532975e-01,4.971901592299730610e-01
4.983736875151375534e-01,4.992060569565623385e-01,4.980933754537336111e-01,4.958184780035448935e-01,4.628501682676443019e-01,4.922265048366278317e-01,4.668796007633679856e-01,4.992642112580495950e-01,4.983406564774885417e-01,4.038559021024746842e-01,4.990856208616406553e-01,4.948293120324994687e-01,4.962401794250783094e-01,4.661494092038460102e-01,4.989098530320946745e-01,2.886334881191486845e-01,4.758188362348049205e-01,4.975657066112227911e-01,4.686034093355470054e-01,4.874486447102572839e-01,4.093700877441792119e-01,4.987897225760600239e-01,4.681113470909347707e-01,4.666889250075034745e-01,4.951019020305719165e-01,4.961088154418887841e-01,4.589373737326221669e-01,4.959298321618482164e-01,4.100361356588593242e-01,4.986078169261427551e-01,4.948741915323628948e-01,4.991660760380545736e-01,4.988785926932943204e-01,4.760327557635586904e-01,4.635873741838104078e-01,4.754515411187564822e-01,4.991398100708306362e-01,4.981760235193263275e-01,3.446598649466853237e-01,4.984635207412467239e-01,4.957086096043809564e-01,3.929503372399695271e-01,4.966890270954552600e-01,4.971240562311083910e-01,3.503203261814633596e-01,4.967791319805957562e-01,2.750430255363688903e-01,4.974213406230257872e-01,4.966461478565066812e-01,4.975093298255262586e-01
4.994401805248852577e-01,4.990239363257462091e-01,4.983952832639964026e-01,4.939564677777977253e-01,4.114018063555209825e-01,4.903540906802034693e-01,4.113036793283033621e-01,4.996419110760405013e-01,4.976649733924815022e-01,4.342056677850640312e-01,4.989376458163539696e-01,4.988801421573174077e-01,4.951044851228139643e-01,4.115020690584668128e-01,4.988874616362365400e-01,4.337547629749123335e-01,4.951378998008763577e-01,4.988705526743462682e-01,4.107282792835862395e-01,4.974250378471440359e-01,4.392003686517311767e-01,4.976104899269769843e-01,4.120658855311967184e-01,4.104648647784103765e-01,4.935764158874646479e-01,4.952347129670156556e-01,4.114739240900242567e-01,4.889163578044279368e-01,4.408467094111354068e-01,4.984312725893169649e-01,4.936986590550639931e-01,4.996118880395655770e-01,4.965487148337700551e-01,4.905482545530012728e-01,4.090732145172875645e-01,4.933403443851895331e-01,4.985614370062915746e-01,4.969363165833550755e-01,4.883601515328332421e-01,4.986889020572460862e-01,4.933414312071757180e-01,4.514455297305148274e-01,4.937846900718990684e-01,4.932006867367544345e-01,4.906549329797217363e-01,4.989571009988850170e-01,4.498060384788871158e-01,4.994732970222350854e-01,4.920606350667579010e-01,4.942802670884285376e-01
4.987783786854338985e-01,4.979314495499893023e-01,4.948541623082265417e-01,4.919825292596917699e-01,1.645910481374144585e-01,4.916132123794398345e-01,1.677264526191946381e-01,4.984429842203659811e-01,4.976599188312643696e-01,4.521924535093174713e-01,4.973425621602751701e-01,4.980397528486251724e-01,4.959985229594995326e-01,1.675682967662474321e-01,4.977858545579615934e-01,4.304902564286277600e-01,4.947903363376225383e-01,4.964020844549241751e-01,1.670150739567368425e-01,4.787900035018540779e-01,4.816285236765692201e-01,4.924039755805432739e-01,1.681936121027018949e-01,1.674569604391994149e-01,4.840696265921641817e-01,4.904082427915686937e-01,1.650671436766203148e-01,4.925626645763505618e-01,4.858856032994428031e-01,4.948501781695585078e-01,4.955737242564898781e-01,4.977946092084221674e-01,4.957015914223714126e-01,4.940462933869173012e-01,1.662695879310216174e-01,4.933058829396310130e-01,4.969904958947756746e-01,4.955375962786334743e-01,4.272917246159328442e-01,4.934351273948342498e-01,4.922488472263570891e-01,4.895946524264525035e-01,4.901888005233037138e-01,4.850875493080775702e-01,4.396139241545220511e-01,4.951459609850356602e-01,4.266732132182339265e-01,4.963991222317865604e-01,4.869555938405866757e-01,4.945527441796536694e-01
4.985534147148151796e-01,4.979376829181586528e-01,4.941214344777907219e-01,4.951785619329368560e-01,2.112560504336789269e-01,4.966082024653841187e-01,2.155180051614413728e-01,4.979728611809758343e-01,4.981345901880420701e-01,3.420470447471928854e-01,4.972716652306776730e-01,4.972139881871933675e-01,4.969344739472268402e-01,2.143008240679284138e-01,4.979167505024707507e-01,3.548883305854294012e-01,4.925394308007022270e-01,4.958293959961380670e-01,2.154962784230264050e-01,4.723324989206621471e-01,3.697850256903267296e-01,4.965533398516669417e-01,2.158346957453357862e-01,2.150756502848614471e-01,4.847377557434238704e-01,4.938880939180844143e-01,2.082683684923750667e-01,4.975056715463976875e-01,3.696762164000086948e-01,4.971582349320639582e-01,4.976425082311328740e-01,4.972264343812850540e-01,4.976082999594797496e-01,4.741456686594341385e-01,2.137502171506594495e-01,4.921171831977961264e-01,4.974362422358030167e-01,4.978456897249213253e-01,4.594558081458696153e-01,4.927713092162083752e-01,4.933326210022591085e-01,4.213686514806390671e-01,4.934410934370974111e-01,4.951372441860064644e-01,4.751769839355787228e-01,4.928413958169930997e-01,3.942453514031604711e-01,4.942892415264996120e-01,4.948658039935283637e-01,4.970751079918549475e-01
4.995238351005278354e-01,4.990232891574756802e-01,4.969024392076344387e-01,4.929609995921202525e-01,4.167863636181483589e-01,4.943380059665908877e-01,4.185571885416500271e-01,4.989435450514387305e-01,4.977720188486840502e-01,3.816063543576245221e-01,4.986801367140006880e-01,4.988464038261273825e-01,4.950449431654861399e-01,4.159475240380881567e-01,4.988748395872009134e-01,3.000279129629077057e-01,4.988589150266533601e-01,4.983121263959345848e-01,4.169483204876358040e-01,4.873801261896006931e-01,3.942285194327262987e-01,4.982412851886248162e-01,4.180462697122702131e-01,4.175719327210086762e-01,4.938857893356883300e-01,4.949731138698618693e-01,4.089290271891078410e-01,4.903566881784302001e-01,3.945703209609902062e-01,4.976062473208605064e-01,4.987917898240314951e-01,4.986698322395839433e-01,4.966245113287591773e-01,4.770394863763089965e-01,4.129928634749839844e-01,4.960679945328682061e-01,4.983676710116083930e-01,4.972927697938079872e-01,3.694243308379345225e-01,4.970031350741441201e-01,4.924824837546387668e-01,3.915474580286443240e-01,4.909870352604281396e-01,4.950835302246570646e-01,3.773075843415048536e-01,4.956671360707209373e-01,2.977651212322435792e-01,4.967595043520539044e-01,4.952768713815168811e-01,4.957335646162305265e-01
4.996574005562312015e-01,4.998102811591201844e-01,4.991637887418613473e-01,4.920131783779219670e-01,4.911789900859910851e-01,4.911151885339108958e-01,4.945856077256797767e-01,4.997964114684567138e-01,4.981739603707771025e-01,4.822425823395934397e-01,4.997018659572674548e-01,4.982369999426449203e-01,4.955174474290010012e-01,4.938866093687830361e-01,4.993785111919805675e-01,3.515607937643756009e-01,4.927660382694792340e-01,4.994637554191654338e-01,4.911968244802204508e-01,4.942273823727256210e-01,4.793844792416044887e-01,4.942875105962076798e-01,4.943816051233414499e-01,4.944819794326595352e-01,4.990396878516349943e-01,4.923280073102477838e-01,4.914366259845198148e-01,4.896329130815129105e-01,4.850334717906868431e-01,4.962212715266051677e-01,4.995793103269940971e-01,4.997789080660220429e-01,4.965245574332637912e-01,4.940342145477928937e-01,4.872003798223675242e-01,4.895431998478816382e-01,4.989126594848508622e-01,4.958299015507992569e-01,3.564843549659883482e-01,4.996103633273839550e-01,4.944264042233466605e-01,4.520433440842448469e-01,4.903453359368533659e-01,4.855281797169241353e-01,3.626102009663760284e-01,4.987437495155040978e-01,3.297010251227873168e-01,4.993811037796599406e-01,4.897748899714260973e-01,4.957412874206690856e-01
4.997850602674327458e-01,4.999918676431439613e-01,4.999162670910748951e-01,4.982025591956935062e-01,4.963176001527659364e-01,4.972922726036544394e-01,4.995740462692014883e-01,4.999930307631956228e-01,4.995998909550622979e-01,4.997470981620146802e-01,4.999760081235961606e-01,4.990985985007394543e-01,4.990366265995050954e-01,4.997981171961554114e-01,4.998318317759304907e-01,4.866788455203948649e-01,4.955753282624651423e-01,4.997696474011758538e-01,4.988009117582142826e-01,4.965795526826795037e-01,4.975056929124644922e-01,4.977143525046140993e-01,4.997573609725570187e-01,4.997520352755466244e-01,4.998202654696739522e-01,4.973843201737308539e-01,4.991135181898995743e-01,4.980000621472317479e-01,4.998861294802157684e-01,4.990225374513331258e-01,4.999163570008129387e-01,4.999936280374002173e-01,4.992801994304938429e-01,4.995555481979701562e-01,4.957999063764932934e-01,4.949481345463134785e-01,4.997320560270776535e-01,4.987849333130217611e-01,4.845791731248297318e-01,4.999931070924856225e-01,4.989227831261728863e-01,4.954908393786880416e-01,4.978489193483278119e-01,4.946763130091418881e-01,4.877033746363850231e-01,4.998117383449403039e-01,4.814201355801138726e-01,4.999840311516740021e-01,4.964881121029760536e-01,4.990735252860182269e-01
4.999171755889286750e-01,4.999971092350823376e-01,4.999891015446807918e-01,4.996940261933044969e-01,4.985099160513218886e-01,4.993351255865038918e-01,4.998013334899058524e-01,4.999994532940043590e-01,4.999060426083992148e-01,4.999675726220373373e-01,4.999925343455949300e-01,4.997019904259172307e-01,4.998143140057699219e-01,4.999317576299561749e-01,4.999552178148311543e-01,4.996349841601913644e-01,4.985573241734579386e-01,4.999104042324511443e-01,4.997265930223360186e-01,4.986499958575320024e-01,4.993433095298550062e-01,4.994006568688604264e-01,4.999119149643510562e-01,4.998722619550081125e-01,4.998660605072656193e-01,4.993253988157760892e-01,4.995440714848236596e-01,4.997392301465576336e-01,4.999654163055102241e-01,4.998449692314644865e-01,4.999488038709036797e-01,4.999994896032253222e-01,4.998949283619077977e-01,4.998988695269043769e-01,4.968127904607727574e-01,4.984860139859867423e-01,4.999179239321555057e-01,4.997396448337826924e-01,4.985138985513896670e-01,4.999984629676728076e-01,4.997677494635867079e-01,4.996571157508446492e-01,4.996634334105832798e-01,4.986663142302506513e-01,4.998502189299947052e-01,4.999171362205075408e-01,4.984051865093111489e-01,4.999988866851316494e-01,4.991441619677273733e-01,4.998291015921684233e-01
4.988908974875188584e-01,4.998447747961968224e-01,4.998461683008549317e-01,4.989440041090449918e-01,4.543938405641468337e-01,4.946227676460313583e-01,4.837138772053083402e-01,4.999608153459089710e-01,4.995134388931090630e-01,4.901316107211648454e-01,4.998415810565907114e-01,4.970308290489334202e-01,4.985413270225089177e-01,4.853338639176255631e-01,4.994886113540180084e-01,4.891622468567450310e-01,4.841548763639573760e-01,4.987641032316166845e-01,4.842161542296781196e-01,4.684795747081141326e-01,4.850490784273244205e-01,4.943069557579274353e-01,4.851750217778962315e-01,4.843577205340051095e-01,4.983185665703739886e-01,4.940601597482989771e-01,4.830481406498182695e-01,4.991674967759876513e-01,4.908415940513203846e-01,4.993526319612641706e-01,4.981901270794298342e-01,4.999580237516302317e-01,4.994968084735376679e-01,4.985934512242596872e-01,4.818909892657585181e-01,4.842558715344270071e-01,4.996329075288689636e-01,4.980722627510857925e-01,4.925001129956864121e-01,4.998626609623332273e-01,4.993579954059108594e-01,4.980022224175281731e-01,4.985985418672300162e-01,4.879924695778946608e-01,4.998501605946183424e-01,4.997899784241476850e-01,4.689444871294184969e-01,4.999215423638527778e-01,4.923260828792197508e-01,4.988793180589365939e-01
4.986061262190410459e-01,4.990955941778009164e-01,4.986176276334715607e-01,4.986460054976664114e-01,3.081215483031099489e-01,4.950906537426724707e-01,3.622511582497534577e-01,4.995828671651835751e-01,4.992519997413933375e-01,4.069767064185088046e-01,4.989914797939335456e-01,4.977606835655911666e-01,4.981668644789398748e-01,3.637276139543441089e-01,4.990035803800066394e-01,3.749828385788926410e-01,4.881327631265414690e-01,4.978661726523745945e-01,3.639131204472552672e-01,4.220750568530753366e-01,4.116088437506412734e-01,4.961841373637035368e-01,3.639640466811399078e-01,3.622949602259432633e-01,4.928699816644743770e-01,4.956441574937883732e-01,3.618285702186395114e-01,4.991492049289489863e-01,4.142258079907376600e-01,4.990019225270760916e-01,4.931000344757215936e-01,4.994602076090666198e-01,4.991162576912325788e-01,4.928341185970685490e-01,3.619614477727101098e-01,4.889261469123666326e-01,4.991145823681464866e-01,4.987147686744627384e-01,4.481132392416266041e-01,4.982437473753818513e-01,4.983585569894816714e-01,4.972477220565140188e-01,4.992961072076306239e-01,4.926285430315050506e-01,4.528990330062127589e-01,4.989605178076169656e-01,3.842673409816685925e-01,4.991291017483363013e-01,4.937468530313513515e-01,4.980963093749203319e-01
4.989456127048190748e-01,4.979667430584073795e-01,4.953854278355445118e-01,4.957369816332126145e-01,1.487613630673093323e-01,4.958328902204615085e-01,1.716194511268416822e-01,4.985749980103229562e-01,4.984254322661218484e-01,3.496144207451746255e-01,4.975627894116164129e-01,4.987060617006799923e-01,4.979321900559365854e-01,1.714997357366157271e-01,4.981558471305999047e-01,1.509496323590145128e-01,4.967850328856736053e-01,4.967642692518326464e-01,1.718062234364291230e-01,4.257951086826358145e-01,3.720499267013378519e-01,4.981782360587417857e-01,1.721491015059609109e-01,1.713150114383320544e-01,4.847592379061826384e-01,4.966791810064478674e-01,1.701641541539467561e-01,4.972524539409943767e-01,3.710848908542088709e-01,4.971665651816001286e-01,4.901365816920977281e-01,4.980075974167507691e-01,4.976695888725573558e-01,4.737902464369238009e-01,1.708422569715814521e-01,4.971498086788226356e-01,4.976652603943160225e-01,4.981983835440222386e-01,1.980080828988579345e-01,4.940385675702955171e-01,4.947319949409164641e-01,4.837097964378700432e-01,4.959215524291849531e-01,4.981894837422136679e-01,1.999348680340750084e-01,4.955628948312478244e-01,1.683415240340531971e-01,4.964670460365624982e-01,4.950859383277615433e-01,4.965774694972671099e-01
4.981300810711623006e-01,4.978467163419965646e-01,4.938426586248228500e-01,4.953455465044654393e-01,2.304358996323800646e-01,4.947196585339389552e-01,2.375204597552383334e-01,4.979619933698816170e-01,4.980582936701575258e-01,4.420800667216405189e-01,4.973444940114746804e-01,4.959941263539982548e-01,4.970275716825155454e-01,2.366024518536871679e-01,4.976456579948282388e-01,2.690207832177515801e-01,4.854388003417627884e-01,4.952808324460816758e-01,2.374490584214010991e-01,4.696366760644554716e-01,4.745717928242725869e-01,4.929442731524653620e-01,2.381617382150878759e-01,2.373245792482374661e-01,4.837641648794723248e-01,4.905446510496702106e-01,2.308082969994166567e-01,4.977467826956847308e-01,4.777572243038879507e-01,4.972829327418404888e-01,4.945937525356347009e-01,4.971536903221903669e-01,4.974475187156885414e-01,4.686833771866539822e-01,2.358314557691001678e-01,4.853302660053028239e-01,4.972673748934676730e-01,4.970526885901573322e-01,2.688056908296186376e-01,4.923805317989729535e-01,4.935641238793239682e-01,4.222853080838923079e-01,4.936509015477844042e-01,4.878861380271333203e-01,2.787268337975506993e-01,4.927286391992689030e-01,2.293177684599412569e-01,4.942633178108850611e-01,4.907126746795436589e-01,4.966678864679191507e-01
4.983219089048416262e-01,4.989446174420990032e-01,4.968943706083076561e-01,4.917618662762522908e-01,4.626006430505654743e-01,4.947290451969327818e-01,4.734936723942168024e-01,4.988712969289818000e-01,4.985050140076627279e-01,4.393065575463284134e-01,4.986747234893892378e-01,4.974010238478203672e-01,4.948621685656166558e-01,4.724403190506415440e-01,4.987157066278327111e-01,4.352001411949799059e-01,4.906015624253288743e-01,4.969975742058346801e-01,4.747190958136665029e-01,4.734211148573218564e-01,4.517217849330957269e-01,4.948928763832658451e-01,4.747020074058360128e-01,4.731170013387796525e-01,4.927851491406782247e-01,4.921799102047952901e-01,4.590496939638186724e-01,4.929280874611344787e-01,4.556167638340317128e-01,4.948331052271781605e-01,4.988249574904116135e-01,4.985931335572043044e-01,4.966026971765886699e-01,4.935218378004703199e-01,4.662604739099151518e-01,4.882574140747384939e-01,4.986563788644154394e-01,4.980032258770734077e-01,4.603481819566626054e-01,4.969994193411749750e-01,4.943976698847211693e-01,3.806886861878859829e-01,4.913435311593044030e-01,4.878953723035546197e-01,4.777371496431503939e-01,4.957394414316461106e-01,3.582329231101284428e-01,4.965989399289266748e-01,4.931689154446033396e-01,4.966846645734395160e-01
4.995718603399919577e-01,4.992681238916237829e-01,4.989022365952192617e-01,4.869097582591997986e-01,3.369933239494840027e-01,4.896982019688318477e-01,3.958903984332972081e-01,4.997171632874507496e-01,4.980798668843114951e-01,4.139408923307076882e-01,4.990462684351991696e-01,4.992240513788869238e-01,4.936852364061750098e-01,3.961082990713693519e-01,4.992918472603090074e-01,2.193418235129010463e-01,4.983292318394673681e-01,4.992591958330224733e-01,3.947281264772155573e-01,4.204830488336437355e-01,4.183335380569735418e-01,4.996265162430721385e-01,3.965174630780938236e-01,3.952147340620658089e-01,4.956348998000572603e-01,4.971759940202492567e-01,3.933260247176864621e-01,4.854297856705559466e-01,4.189058083982284408e-01,4.919561807715071011e-01,4.945435589958517286e-01,4.997860865541459696e-01,4.946834929975242323e-01,4.922060780621582143e-01,3.878856099005489333e-01,4.939590088948729307e-01,4.986080407478744037e-01,4.964066586241588364e-01,2.576268086230173449e-01,4.994965868699571265e-01,4.926894665983798105e-01,4.458041380942709964e-01,4.868650274866234695e-01,4.947893238595585941e-01,2.596241684907072966e-01,4.991981443309469468e-01,2.000967819809220949e-01,4.995220169772149332e-01,4.937837886485184069e-01,4.942278181391596137e-01
4.989737156099993687e-01,4.982156179254925710e-01,4.959335459745373709e-01,4.925514971602937830e-01,1.337119225143106882e-01,4.883486973198723491e-01,1.727987060661610730e-01,4.988472359579833038e-01,4.975768891450159659e-01,4.660697339674233497e-01,4.978224501678510383e-01,4.963780456506387551e-01,4.961928240448251759e-01,1.728065192913303127e-01,4.980671885920625597e-01,4.139625172137060827e-01,4.852587026846069684e-01,4.971348882334941099e-01,1.718455207120865025e-01,3.832067076537311601e-01,4.877457660580806764e-01,4.952874271373396420e-01,1.732483071943098918e-01,1.726568280973170832e-01,4.866096490614876258e-01,4.933386100458571066e-01,1.725795657980689346e-01,4.919132311507069533e-01,4.897971543289650342e-01,4.961329505508889626e-01,4.891557568139875967e-01,4.983733587703950141e-01,4.962501423055549754e-01,4.690198588454009831e-01,1.713968147658210261e-01,4.840311659319542215e-01,4.972344251056565745e-01,4.949078855837166779e-01,4.157406036488333623e-01,4.948911627684458026e-01,4.925335329787792205e-01,4.899183395356027093e-01,4.910356627364751425e-01,4.905934051794311745e-01,4.195528496903236926e-01,4.961425751929353645e-01,3.215445845373877676e-01,4.971862304393981913e-01,4.887284484740601065e-01,4.944406216194692782e-01
4.983503427653949713e-01,4.977549045240638459e-01,4.936993400446493818e-01,4.935145134930118416e-01,2.064210113062190377e-01,4.958238037579985047e-01,2.451380566796523552e-01,4.979551000403694139e-01,4.981102479951897144e-01,4.520461719192755412e-01,4.973322947704268970e-01,4.969091907569318511e-01,4.973465333093858298e-01,2.441255056647909927e-01,4.976812387176585140e-01,4.812416407576007860e-01,4.898986439944089111e-01,4.954638690175992011e-01,2.451461170162834158e-01,4.092845170412517386e-01,4.864664469052116802e-01,4.946843733446011915e-01,2.457401912108766462e-01,2.448892971075530278e-01,4.833084487857570166e-01,4.923001888422573469e-01,2.393568248448708358e-01,4.972523986588620604e-01,4.878733997209727113e-01,4.955306147664816918e-01,4.913888514338459745e-01,4.971353569298660457e-01,4.971520339519916454e-01,4.778867821804948512e-01,2.424198332362501318e-01,4.896268327806588272e-01,4.972557600046644821e-01,4.975741101051330828e-01,4.745310358935745931e-01,4.922311141433853288e-01,4.935072489159593734e-01,4.166559694595000640e-01,4.935528825509712947e-01,4.912633807325995638e-01,4.879722380724803577e-01,4.927588408398488329e-01,3.436691136333525076e-01,4.942714420871329728e-01,4.927250026843665309e-01,4.965947912808139075e-01
4.993066751449968810e-01,4.986663222052587496e-01,4.958105232130147200e-01,4.850451074262194795e-01,4.139296680210652890e-01,4.937273948286322045e-01,4.363072981351185375e-01,4.986043039327901494e-01,4.981502100320527870e-01,4.712248840374131387e-01,4.983172988292851047e-01,4.984350057231863862e-01,4.944657327525076029e-01,4.338037395291681753e-01,4.987085468269821242e-01,4.855456884679226759e-01,4.975157113786551899e-01,4.976272374705316137e-01,4.346890045419645743e-01,4.596895785212903318e-01,4.955960502326258732e-01,4.989646972653926094e-01,4.361787360502284439e-01,4.355751470638967171e-01,4.913052712810712652e-01,4.957112038543031729e-01,4.234691542112908880e-01,4.875166639438258120e-01,4.950608047314283278e-01,4.897436425648283853e-01,4.967251195533244346e-01,4.981877084406634570e-01,4.942724797613425869e-01,4.961567603719805875e-01,4.239996567170790653e-01,4.927459212962215229e-01,4.979442720072799755e-01,4.971592124255001521e-01,4.743205033828700734e-01,4.957333298512305864e-01,4.915003800633966913e-01,3.788200342350230287e-01,4.846979399284132017e-01,4.948516731182821538e-01,4.868524937935215235e-01,4.948834468804934605e-01,3.535969791035026843e-01,4.960465722887743012e-01,4.962074116338833774e-01,4.952044312873031817e-01
4.995932885974181947e-01,4.996484956290889734e-01,4.986551482432068916e-01,4.877901747686734790e-01,4.940690951724729940e-01,4.874952129608615126e-01,4.965710976658300191e-01,4.996190868925775574e-01,4.980756301991138835e-01,4.728316229611997934e-01,4.994248094976507790e-01,4.964474064951102106e-01,4.943838950273120592e-01,4.956151772804771038e-01,4.993035188244477895e-01,4.284354155268681463e-01,4.845312021164858152e-01,4.992209406039300745e-01,4.921860352394601956e-01,4.907277200252913030e-01,4.765814595144892141e-01,4.965912985125184309e-01,4.963458043943997922e-01,4.965624271344131757e-01,4.981652566414198069e-01,4.941418425461677755e-01,4.899960377646223053e-01,4.859310782127960193e-01,4.799713330482699436e-01,4.929790567301778337e-01,4.992426297322988815e-01,4.995684640908825136e-01,4.948772087809841236e-01,4.992368849342819770e-01,4.853151814149871957e-01,4.796763868114559126e-01,4.985064057473070909e-01,4.947344382478551794e-01,4.366676261549609084e-01,4.991778963321107376e-01,4.925552496180776729e-01,4.410791597118953744e-01,4.849284009131624718e-01,4.887283762515506336e-01,4.448843295889303162e-01,4.982715099379984025e-01,3.960064349637846259e-01,4.990021818267055265e-01,4.909960061624681904e-01,4.947586840519766493e-01
4.996065500869328879e-01,4.999728234017128958e-01,4.998187770700683874e-01,4.973310255876590702e-01,4.992888337151769607e-01,4.943788773909727485e-01,4.992091057673136989e-01,4.999733174386565837e-01,4.992419587498432842e-01,4.795759219793895300e-01,4.999163749934112388e-01,4.978683133498963964e-01,4.982490451009161103e-01,4.994949514625244835e-01,4.996824249383755578e-01,4.328202491497184501e-01,4.894370904219986773e-01,4.995699433594826822e-01,4.976213633291506899e-01,4.991130469294549066e-01,4.770515462931935735e-01,4.966495244519761876e-01,4.994786400955046335e-01,4.995224661377030140e-01,4.996875705244376298e-01,4.959779014747236481e-01,4.980429788087055720e-01,4.962112936730180834e-01,4.803935178058594269e-01,4.989066721300180474e-01,4.998523047662152274e-01,4.999751357701618382e-01,4.987599311861201090e-01,4.994159638840525717e-01,4.945134784853436605e-01,4.883245690324989896e-01,4.994963930222398041e-01,4.976059361383721180e-01,4.466316590541520859e-01,4.999693946346664419e-01,4.978886118172774489e-01,4.919386032167905043e-01,4.960784209158993763e-01,4.920359417627013232e-01,4.509858709032880109e-01,4.996536481237019434e-01,4.458670289008120902e-01,4.999464771443613009e-01,4.942333660029973319e-01,4.982533739875703027e-01
4.999988146162020475e-01,4.999995295549192198e-01,4.999988923402544638e-01,4.999357578988435358e-01,4.999923412962702374e-01,4.999236781476945612e-01,4.999678230599521878e-01,4.999996053121327777e-01,4.999610979347925421e-01,4.998592774370258507e-01,4.999950330229935846e-01,4.999729987107253137e-01,4.999945630853055989e-01,4.999974064234826709e-01,4.999978287787301690e-01,4.992398323378785530e-01,4.999820460550150614e-01,4.999961106501736308e-01,4.999874001344605245e-01,4.999576258018682551e-01,4.999465323795576066e-01,4.999920060281968226e-01,4.999976770414746863e-01,4.999770990502820367e-01,4.999000863367850656e-01,4.999450205029934424e-01,4.997047516646702658e-01,4.999906907131972389e-01,4.999368303113793099e-01,4.999988984789606739e-01,4.999995786668327002e-01,4.999998981792727060e-01,4.999977222129093346e-01,4.999962590867131351e-01,4.962324775843888758e-01,4.999814842473810916e-01,4.999548720700940918e-01,4.999924149120612005e-01,4.992838450812399631e-01,4.999987726614817940e-01,4.998962224350702033e-01,4.999754529342081977e-01,4.999919655238891925e-01,4.999686044636661997e-01,4.999414831764198985e-01,4.999199876745802351e-01,4.998315848623154922e-01,4.999998337339169874e-01,4.999765962529259533e-01,4.999727272860058913e-01
4.992719158182377104e-01,4.999313204074742889e-01,4.999373859048470981e-01,4.995895746350210165e-01,4.857757166958621697e-01,4.969897656582126788e-01,4.858270930344277261e-01,4.999846377032137745e-01,4.995254754429458433e-01,4.936251033481833250e-01,4.999217505136759332e-01,4.985687558270346376e-01,4.989450759238369670e-01,4.868217893687281084e-01,4.996292856755964462e-01,4.886988784558148335e-01,4.923482920514747896e-01,4.992029643660588767e-01,4.861224388761312687e-01,4.992404468687363095e-01,4.887882313530799716e-01,4.949708900330242467e-01,4.867495584649537133e-01,4.861708459491491108e-01,4.990163119128039892e-01,4.947222784227862658e-01,4.850786535395319454e-01,4.995851165884532818e-01,4.938672220388407585e-01,4.999391582870186812e-01,4.997757300215662224e-01,4.999845123449965234e-01,4.997823868419009607e-01,4.959700916428559370e-01,4.829973839286151871e-01,4.925383960299418717e-01,4.997571731349324531e-01,4.987083985929158803e-01,4.893468800676574748e-01,4.999521185618463481e-01,4.995577053803038070e-01,4.985578330867881380e-01,4.995387696039067515e-01,4.895997509673868375e-01,4.957624437919392335e-01,4.997907043122405413e-01,4.953918750812688065e-01,4.999617342683804755e-01,4.936462768915313437e-01,4.991860282578959307e-01
4.987738598956728553e-01,4.994087625553736420e-01,4.992326475024057020e-01,4.989393061823809150e-01,3.628124612092690771e-01,4.966779913251331280e-01,3.680447782330588113e-01,4.997540041684828682e-01,4.992280541465674570e-01,4.938202489348925694e-01,4.993195140174233049e-01,4.989952308888254695e-01,4.978207976730599782e-01,3.694845070955002919e-01,4.992011826852326695e-01,4.960195902382703026e-01,4.946480906169659075e-01,4.983113605322163631e-01,3.695217874324330243e-01,4.904279091761464815e-01,4.919579549203247359e-01,4.928554876777423432e-01,3.695687692601977159e-01,3.680106428393347673e-01,4.949550961020730555e-01,4.924282753821576653e-01,3.673612266136982996e-01,4.994306552106732577e-01,4.988145855534010797e-01,4.993513165879687743e-01,4.977251845752326820e-01,4.996991854106940800e-01,4.993340758600600671e-01,4.823161047016824576e-01,3.668620989531964360e-01,4.953648010696027337e-01,4.993736062449847246e-01,4.988542906138221378e-01,4.892658709887727220e-01,4.989952272013380430e-01,4.989833322816168426e-01,4.968188384504563238e-01,4.995628460455145414e-01,4.857141912727275246e-01,4.982155797126273100e-01,4.992472765667323453e-01,4.898482046724980665e-01,4.993968117963762388e-01,4.907769208937247107e-01,4.983450593320271071e-01
4.990806703071011818e-01,4.982922223680299467e-01,4.964372635988567595e-01,4.954465137504961425e-01,1.735657180653215337e-01,4.960964317054351591e-01,1.906677074731630839e-01,4.989143022918208770e-01,4.986733066327500019e-01,4.757976202317114045e-01,4.979804208589516112e-01,4.988244622107418924e-01,4.979044292836652397e-01,1.907661125999480789e-01,4.985068255218930156e-01,4.750328257334302529e-01,4.966651626678569298e-01,4.973705185592217637e-01,1.910481624575659787e-01,4.512537478946985758e-01,4.972402564747873677e-01,4.980999606767812504e-01,1.912786021643765877e-01,1.903695271616030193e-01,4.871184704119955189e-01,4.969654781035856006e-01,1.904182895283707266e-01,4.980476801370056217e-01,4.966399494345515864e-01,4.967992700811952878e-01,4.919445905360363414e-01,4.984971068655953963e-01,4.983043928998182048e-01,4.813817494737491764e-01,1.893348970752204707e-01,4.973618646073612592e-01,4.980879746584774836e-01,4.986361504600990702e-01,4.735937150865649481e-01,4.953465807785722985e-01,4.959228962716084599e-01,4.801398914652696970e-01,4.978110489729802857e-01,4.978827280870449790e-01,4.754231998005410409e-01,4.964538544586891144e-01,4.172551170346805449e-01,4.970832378598739054e-01,4.952424935860059163e-01,4.970874403524818685e-01
4.983194846787797894e-01,4.977071588591827078e-01,4.936751010323013888e-01,4.871874044470095866e-01,2.084020331185897079e-01,4.958676101024928617e-01,2.646183590850854084e-01,4.980285562306180358e-01,4.980515355387921117e-01,4.423337373601066713e-01,4.974171105108938229e-01,4.972117898628518051e-01,4.977968090525091149e-01,2.637900278925628395e-01,4.976050815172936015e-01,2.214336683267940364e-01,4.912321240451654192e-01,4.954435602062097210e-01,2.646874530107669599e-01,3.867045719048494701e-01,4.730836573439571313e-01,4.949334189274695039e-01,2.654281615217818358e-01,2.645629707675692943e-01,4.829492032435201976e-01,4.926850137932513585e-01,2.612346343199078436e-01,4.966877362316069466e-01,4.741994477350798265e-01,4.892061945341391049e-01,4.879504534395067150e-01,4.972016510077180707e-01,4.965211132009558770e-01,4.954410844502724065e-01,2.583021843532799511e-01,4.905658359807296143e-01,4.972515161487719992e-01,4.975612687715180171e-01,2.266894700260844442e-01,4.921977685361526578e-01,4.937257470062635933e-01,4.140565589104685529e-01,4.930660407380687560e-01,4.912012381453575993e-01,2.306269438725503662e-01,4.929657403617699329e-01,1.509889308381876238e-01,4.944765732739704323e-01,4.928049751257204125e-01,4.964312505456366376e-01
4.982518132958666524e-01,4.985640494895909325e-01,4.955071075189727559e-01,4.824806331849173513e-01,3.623098627407163042e-01,4.957008008243241615e-01,4.757204096278032646e-01,4.985021774205775635e-01,4.984247011859572751e-01,3.601054440004190504e-01,4.984750013328800855e-01,4.986024535704511318e-01,4.943664415405088497e-01,4.747104134149930932e-01,4.983483781162126314e-01,1.914907197020235541e-01,4.982911762250599175e-01,4.963651856508263793e-01,4.764999401676640045e-01,3.688214744283973001e-01,3.719142453798784387e-01,4.910938817358824204e-01,4.772634987441027321e-01,4.757201020862417140e-01,4.899327836704090444e-01,4.882884959387736590e-01,4.619073929500903675e-01,4.888686368837054652e-01,3.777806821866485087e-01,4.858846928590792036e-01,4.927323170887623616e-01,4.980168959469117307e-01,4.932159663001065564e-01,4.911259493585423686e-01,4.598457594847916163e-01,4.932576566606280410e-01,4.981499561396975917e-01,4.978516660559363927e-01,2.405210242783493713e-01,4.953623962769833633e-01,4.932611224943146966e-01,3.708589931479923107e-01,4.825531175527290606e-01,4.780141621459369494e-01,2.511174076921812715e-01,4.947220828662250436e-01,1.430259370753952930e-01,4.959003660096819588e-01,4.896171986657613662e-01,4.956097598614357391e-01
4.996045479766137998e-01,4.993631686138426673e-01,4.988499079267417757e-01,4.897681040324730062e-01,3.413697446487923837e-01,4.867265411812809472e-01,3.826512035314743598e-01,4.996072644648032468e-01,4.984405894452812458e-01,4.193320041785272845e-01,4.990764882485275722e-01,4.971972616255357913e-01,4.917851477776164493e-01,3.828067926150403033e-01,4.995125385805975204e-01,4.213797238754084518e-01,4.891904976959075002e-01,4.992918614990588533e-01,3.808373405004401580e-01,4.350038664327801619e-01,4.245306853504754452e-01,4.972673935814496682e-01,3.831450721624667377e-01,3.819441665333206948e-01,4.963833593178559322e-01,4.947771287443942789e-01,3.748069413349852663e-01,4.824478828578902534e-01,4.275705937754378794e-01,4.955203246383059756e-01,4.989086714295817293e-01,4.996846511415021230e-01,4.932800278654008164e-01,4.857052895212457533e-01,3.769300486659080685e-01,4.832668088656893457e-01,4.984416029594798125e-01,4.957640115659328606e-01,4.811862171442460312e-01,4.995764193944811637e-01,4.917609619836304513e-01,4.404750772391183844e-01,4.804925898896682535e-01,4.885359135516605944e-01,4.940824187657735789e-01,4.989008598251397086e-01,3.948703160561978787e-01,4.991786273826091525e-01,4.912728141995004183e-01,4.937228421883031459e-01
4.992000253235905904e-01,4.986115359079247855e-01,4.972093669970366614e-01,4.929375819540199322e-01,1.914194496734961670e-01,4.845048092353085867e-01,1.918341410080872111e-01,4.992264640319858393e-01,4.977084378599105907e-01,4.718788244361016848e-01,4.981064662748676541e-01,4.941936875514760796e-01,4.955023711538724118e-01,1.919222953417542843e-01,4.985234525714132281e-01,2.059046985265569341e-01,4.728234614093107524e-01,4.979482635677471292e-01,1.904484714815101176e-01,4.956402656303386389e-01,4.899291682004854875e-01,4.984606801373671070e-01,1.921858398425714820e-01,1.916554985419635093e-01,4.896647349139057748e-01,4.965784147215197009e-01,1.916844853300075646e-01,4.916808625871630367e-01,4.894589471041370099e-01,4.971872449153438289e-01,4.955966058074294800e-01,4.989592731153503213e-01,4.974515338023133837e-01,4.944424594867278255e-01,1.901669681699052206e-01,4.720535513373402825e-01,4.974696337766474907e-01,4.941148474393810552e-01,2.078400846330803464e-01,4.965335533572752258e-01,4.925249980881692968e-01,4.896366825516676458e-01,4.936020507291855597e-01,4.972395744592519873e-01,2.083996110975759597e-01,4.971717437083800761e-01,2.063843772508481555e-01,4.979022274331950104e-01,4.907519594884042213e-01,4.944961837413816008e-01
4.982205822788891014e-01,4.977327318662091993e-01,4.937728791803910888e-01,4.838797854000833620e-01,2.662663758995294505e-01,4.953934527052567538e-01,2.866011223225858329e-01,4.981006512116395446e-01,4.979450257137044700e-01,3.369345407759339328e-01,4.974669807207131589e-01,4.971149166160583333e-01,4.979806934866236046e-01,2.859191887823244183e-01,4.975417098747919042e-01,2.334306006973699832e-01,4.896705413691438968e-01,4.953903040083766918e-01,2.866260548642846628e-01,4.586916773557883631e-01,3.586945466459645071e-01,4.948156325753028661e-01,2.876166543786699559e-01,2.867229405964936695e-01,4.830122853273625672e-01,4.926208981327858116e-01,2.844602999528251241e-01,4.964068205213216789e-01,3.596620837330974929e-01,4.859088654399936757e-01,4.889575112034356130e-01,4.972810173911160758e-01,4.961861079462820956e-01,4.958869305156071716e-01,2.778382451180919643e-01,4.887209483709530344e-01,4.972362360199404363e-01,4.972469410369773080e-01,3.164005203650394060e-01,4.922990713240304461e-01,4.938404288750849469e-01,4.134727950840295096e-01,4.926214098660655627e-01,4.905696414867514177e-01,3.203817673129495391e-01,4.931430339368974569e-01,2.471886820932584217e-01,4.946607361722910046e-01,4.923401200576314474e-01,4.963306231512504829e-01
4.990539394676575258e-01,4.982908744794020128e-01,4.946864978542186986e-01,4.813835915875857574e-01,3.730432438710237775e-01,4.928055708716799210e-01,4.565493431512465117e-01,4.983088401316527749e-01,4.983942612172306830e-01,3.608809541953518774e-01,4.981574709759483688e-01,4.975821719627926409e-01,4.942326299430615522e-01,4.544712932776939773e-01,4.984429952131285702e-01,3.810449660655262361e-01,4.937290600767014759e-01,4.969079386770171580e-01,4.550789439675222425e-01,3.966605522149435625e-01,3.812195862233125898e-01,4.978431955632395267e-01,4.570746688382295586e-01,4.563920093080537366e-01,4.886132569889632959e-01,4.946891643849540277e-01,4.452554985306172441e-01,4.845496869981386623e-01,3.815669798435387117e-01,4.860920701852843862e-01,4.899569689529248429e-01,4.977338871220113314e-01,4.915220172299555879e-01,4.974117509601329590e-01,4.407384064511842281e-01,4.869450454097691283e-01,4.975584926524952989e-01,4.971588829680798072e-01,4.834797415999291803e-01,4.944305089126475594e-01,4.909180013512426388e-01,3.688309023356530214e-01,4.772012200296879558e-01,4.905521886697474798e-01,4.951966013813587919e-01,4.942077336076075023e-01,3.013056763652310899e-01,4.954978704880363960e-01,4.953933732283036240e-01,4.945617768379355073e-01
4.995210809115472883e-01,4.994083329794487547e-01,4.979365985016916407e-01,4.896678060879466332e-01,4.180243228624516139e-01,4.831633527858370525e-01,4.979390335654950706e-01,4.993729914268704717e-01,4.982011087101468338e-01,4.703603336306270144e-01,4.991715243822172909e-01,4.938274694267021925e-01,4.931573816762751528e-01,4.967616230393905874e-01,4.992491433505928389e-01,4.800401316792757833e-01,4.720400957161191013e-01,4.988808136278614636e-01,4.925866746459460210e-01,4.105458744731342868e-01,4.811481985138693074e-01,4.986767190199092314e-01,4.976797928779885249e-01,4.980359921884738306e-01,4.968023361395860205e-01,4.958791253323032167e-01,4.878411204516745481e-01,4.825430311785439130e-01,4.824757992480023794e-01,4.958047936951641699e-01,4.958514126833813984e-01,4.992594067688238546e-01,4.935257689914704926e-01,4.988257006601991006e-01,4.888956303635558220e-01,4.661021514819688738e-01,4.980292608643477337e-01,4.937203207404255445e-01,4.856982186697681447e-01,4.984923722243441158e-01,4.907269907719904456e-01,4.316688415394872580e-01,4.798862770662292165e-01,4.919098695863984849e-01,4.958957475136918647e-01,4.976997758555405382e-01,3.651896898657046031e-01,4.984945866579041374e-01,4.921820092171036443e-01,4.937537276932252861e-01
4.994098917849218999e-01,4.999280762279483814e-01,4.996594796139695593e-01,4.972729414948723337e-01,4.716710533520903081e-01,4.905823816534007897e-01,4.987629749967171233e-01,4.999251708150732054e-01,4.989002200254458730e-01,4.971609237213036048e-01,4.997965879388835964e-01,4.961510326005885152e-01,4.973101485835823565e-01,4.989875342157359950e-01,4.995383278382820036e-01,4.845338398523638124e-01,4.808879446889207099e-01,4.993298873779333236e-01,4.960935493603943480e-01,4.704313672103251354e-01,4.962900894500888449e-01,4.967031572414461471e-01,4.990283722149834178e-01,4.991977722858826905e-01,4.994578513972415257e-01,4.956136467521486955e-01,4.957501660196801940e-01,4.942577392279060011e-01,4.996946213412549187e-01,4.997625937235599114e-01,4.993120759990734570e-01,4.999274288247390619e-01,4.984412338680278554e-01,4.963506039820737570e-01,4.939499580743386131e-01,4.794346924414401578e-01,4.991797458634704698e-01,4.961202685773308807e-01,4.788560842146711849e-01,4.998969202437281156e-01,4.965033244380197552e-01,4.882537363020426069e-01,4.946588545530524184e-01,4.918577552788738205e-01,4.849687727205035381e-01,4.994402073317260049e-01,4.514853467296753298e-01,4.998518309347136923e-01,4.928074007958410108e-01,4.973205326409945171e-01
4.999534481174975897e-01,4.999984012417958423e-01,4.999933037395432600e-01,4.998601303196066881e-01,4.985451040478904305e-01,4.995947565866259987e-01,4.997285445352825928e-01,4.999990370058579048e-01,4.999043925553052770e-01,4.999437121761170499e-01,4.999894535861665323e-01,4.998295691314370570e-01,4.998972525361417563e-01,4.998098039678712246e-01,4.999695578058422907e-01,4.961042261464423953e-01,4.992535868627080431e-01,4.999473780044329518e-01,4.996928359713916357e-01,4.990703769773227605e-01,4.996485002359573602e-01,4.996823869792679784e-01,4.998089635303505363e-01,4.997738943509597020e-01,4.998507658383215535e-01,4.995938754772117352e-01,4.993392820535763610e-01,4.998777382863407448e-01,4.999534213851414277e-01,4.999986531963926950e-01,4.999872645646236680e-01,4.999993863758476764e-01,4.999728243506926240e-01,4.996593113125049612e-01,4.950860857752251709e-01,4.992422210044378805e-01,4.999281550743965852e-01,4.998399442468949294e-01,4.959288747976166589e-01,4.999980090902149676e-01,4.998187782271878432e-01,4.998091590609661794e-01,4.999083648199216801e-01,4.993067830918067052e-01,4.969239323933894448e-01,4.998896381895854835e-01,4.959583579170205314e-01,4.999992103931845122e-01,4.995191515820609496e-01,4.998795207428546328e-01
4.995972289138915778e-01,4.999734179537738687e-01,4.999741969708869083e-01,4.997028237291891162e-01,4.880359074328965430e-01,4.985722096352968036e-01,4.900914337452882408e-01,4.999948335608843664e-01,4.996364563732039743e-01,4.958314369688497925e-01,4.999586977408336241e-01,4.994517794202828487e-01,4.994143695699505558e-01,4.906127349186831244e-01,4.997714780813604651e-01,4.685286886777207949e-01,4.971670288890187028e-01,4.995617628625594331e-01,4.902466118766161118e-01,4.979320153625576562e-01,4.927160798581917689e-01,4.968505235763959194e-01,4.906050720449035007e-01,4.902657701090215592e-01,4.994552047000357375e-01,4.966353564422001376e-01,4.894338204279218840e-01,4.997974886959107854e-01,4.958901588443406783e-01,4.999667556760084008e-01,4.999229539975994507e-01,4.999947614359451786e-01,4.998994392840310774e-01,4.972152428297213489e-01,4.858235604673210584e-01,4.972896687987248265e-01,4.998485266920097980e-01,4.992694105671280358e-01,4.696816385131120652e-01,4.999853616185083172e-01,4.997002929436215601e-01,4.991731230792789131e-01,4.998545328976971014e-01,4.934955268104888604e-01,4.736992799748147576e-01,4.998078891651821509e-01,4.719243324280266161e-01,4.999825836552073133e-01,4.960948615569843456e-01,4.995078575793788223e-01
4.989688693901413452e-01,4.996446676333312076e-01,4.996274612448974861e-01,4.979908087635583902e-01,3.828126686674149237e-01,4.976945740786409833e-01,3.833173709260436768e-01,4.998657431509382354e-01,4.991364103226075266e-01,4.383636428181074129e-01,4.995734747833214806e-01,4.995844983628380809e-01,4.977914877650053693e-01,3.845950393363249953e-01,4.993272977483865227e-01,4.183069477004814907e-01,4.978430162358672417e-01,4.986946222654826677e-01,3.845765205660827690e-01,4.980378022205011468e-01,4.323136552438900382e-01,4.904530220873434265e-01,3.846270478432574080e-01,3.831837582603812020e-01,4.965721873796597463e-01,4.900397258222390362e-01,3.822174158526421839e-01,4.996577495811368452e-01,4.406977084028123604e-01,4.984704703304381201e-01,4.995586729141012761e-01,4.998482466239950184e-01,4.995088086799724936e-01,4.948796397451855067e-01,3.800563856163007292e-01,4.984926220087695370e-01,4.995737042639015191e-01,4.990180221674745953e-01,4.656077657545203419e-01,4.994844705069292345e-01,4.993918727318119588e-01,4.966516289475699231e-01,4.997355611618434224e-01,4.808005756476639303e-01,4.768142349246947131e-01,4.993735207141850041e-01,4.753066268081639345e-01,4.995748965069825021e-01,4.887404381730057756e-01,4.985374358173839116e-01
4.992055713982150311e-01,4.986850248967036880e-01,4.975093561065688230e-01,4.892877598806159578e-01,2.216136536712819960e-01,4.964887095823193319e-01,2.221717977393422583e-01,4.992235957543769698e-01,4.988024488422807545e-01,3.859017692511202968e-01,4.983686932147541326e-01,4.990426059806469250e-01,4.973188774694190517e-01,2.225099112515824540e-01,4.988347292497420371e-01,3.916307773006434956e-01,4.970098984439574874e-01,4.979575063429764747e-01,2.227401846017011688e-01,4.962318727693137976e-01,3.956795189379125333e-01,4.950985596727048299e-01,2.228838442255456631e-01,2.217785449682810051e-01,4.896749755572362695e-01,4.942688346647871045e-01,2.218223136795548500e-01,4.983835967747527462e-01,3.981315129543532283e-01,4.905637464151113569e-01,4.981189790238815807e-01,4.989513345202479799e-01,4.985129833501656949e-01,4.978032108741697881e-01,2.173245538335151772e-01,4.975749829372327349e-01,4.985023516644587205e-01,4.989705115066752072e-01,4.850545514555443805e-01,4.966414269995766406e-01,4.970056343362183049e-01,4.770928272328985864e-01,4.986412527352035995e-01,4.912835730412789537e-01,4.904395961958729622e-01,4.972453192113227005e-01,4.694297797630823110e-01,4.976624087796269746e-01,4.925088411370687758e-01,4.974630520290104219e-01
4.985467906218350453e-01,4.977714064968188912e-01,4.940515468794826615e-01,4.814458376588920951e-01,2.920424363970134385e-01,4.967627373923322320e-01,2.955995380863060684e-01,4.982252575456546650e-01,4.981701284463614376e-01,4.504061625911139899e-01,4.974729527893405612e-01,4.982908646765428218e-01,4.980412198723250250e-01,2.950989166947833309e-01,4.977635529840013229e-01,4.785073942398952451e-01,4.963097117071672004e-01,4.958563205207254798e-01,2.958614508222857098e-01,4.899855380721477305e-01,4.798186259689580790e-01,4.975677220372461962e-01,2.967099658216517666e-01,2.957789769225089294e-01,4.832923297232861737e-01,4.955636627398410932e-01,2.951372043231565989e-01,4.946835265686514438e-01,4.787182643134300086e-01,4.834622467350363495e-01,4.942770301941240563e-01,4.974578593201712806e-01,4.947466744324658938e-01,4.945390326836573425e-01,2.849745134572572169e-01,4.937951805017506413e-01,4.973817289476166748e-01,4.980360510379385763e-01,4.944506140901610003e-01,4.926322245677894340e-01,4.940501242116128178e-01,4.078971104869306141e-01,4.896081325788523286e-01,4.946058402685912236e-01,4.954622716576630448e-01,4.936653035324196637e-01,4.008845053134590386e-01,4.949990632439508764e-01,4.954638511778998167e-01,4.964533683616909610e-01
4.982020932091186238e-01,4.981700193946581035e-01,4.942206460949719049e-01,4.882011659346117693e-01,4.737539133971225835e-01,4.946595686379347545e-01,4.749704747052742038e-01,4.982284056519149518e-01,4.982545078796195570e-01,4.440950373671141982e-01,4.983058695670539162e-01,4.979155409383643205e-01,4.946398817616590726e-01,4.742208567129543861e-01,4.979477072478641353e-01,3.025225131201150774e-01,4.959801344266746015e-01,4.958168574351758395e-01,4.754199742409098151e-01,4.884265942999544419e-01,4.590287299563136081e-01,4.904186219400358815e-01,4.770158902416386515e-01,4.757076357317523430e-01,4.871530413323804098e-01,4.874785697877139223e-01,4.680294441821010176e-01,4.849865348072961435e-01,4.666864665764504094e-01,4.920532272667111351e-01,4.906030224470970813e-01,4.975514460269783168e-01,4.899864196522572546e-01,4.970388137600891820e-01,4.648305691509840298e-01,4.884559420605144586e-01,4.976966979171847383e-01,4.977503059626520732e-01,3.131200304431487336e-01,4.938766065903142932e-01,4.922096047437751198e-01,3.638017297386084703e-01,4.734288094268855884e-01,4.744161559567694475e-01,3.227093298387191389e-01,4.939867338326818791e-01,2.360078375846571819e-01,4.954712664359054997e-01,4.890082815447126530e-01,4.946121459210787163e-01
4.995375593447252682e-01,4.992339636625117705e-01,4.981649283304204201e-01,4.926113150862750367e-01,3.741973533232775817e-01,4.820942327848608544e-01,3.745756108890677671e-01,4.993507054643501197e-01,4.985924693947765274e-01,4.405716379484873046e-01,4.992032394920095095e-01,4.934534926748145867e-01,4.902851911217088743e-01,3.744812988699132150e-01,4.994523694434034877e-01,2.332765805628213562e-01,4.706792824957969357e-01,4.989749128914879317e-01,3.720845140464449363e-01,4.855365066633737237e-01,4.428614660541677073e-01,4.920146299666111056e-01,3.748696929606721295e-01,3.737619125313434432e-01,4.957385445389761447e-01,4.894190368031537397e-01,3.650467588512314454e-01,4.806146115792862550e-01,4.507914832929376114e-01,4.991753732644758634e-01,4.924273047999718766e-01,4.993389440539418578e-01,4.929287184944185496e-01,4.957252405743035051e-01,3.708432371861410948e-01,4.650119868818922142e-01,4.980937631067211546e-01,4.950680741758440861e-01,2.479769290947816396e-01,4.989259044893378237e-01,4.907356174003156268e-01,4.361615595927113009e-01,4.771329281093527053e-01,4.780814875738734204e-01,2.584090941108286854e-01,4.980985577725588476e-01,2.293927099714268836e-01,4.985442926551889031e-01,4.859275027544627257e-01,4.927593436640176905e-01
4.994116076552782002e-01,4.990111046052901345e-01,4.983975698641845420e-01,4.846020256848725949e-01,2.170773894491532796e-01,4.809565761617437540e-01,2.245294371367013431e-01,4.995030009762053136e-01,4.979771916171139012e-01,4.822277871297526164e-01,4.983839963349271929e-01,4.923542011680013264e-01,4.939666117189081551e-01,2.246230981950243233e-01,4.990391718005135480e-01,4.913034935209932286e-01,4.621243162771017654e-01,4.986859792621555210e-01,2.224191404772798697e-01,4.764472000099669313e-01,4.983553277430652351e-01,4.986797209822521060e-01,2.246680611591690135e-01,2.241219560839696201e-01,4.926403258666006146e-01,4.969170714422448398e-01,2.217667792620161282e-01,4.913680878328518520e-01,4.981532286868918802e-01,4.894131051210333094e-01,4.973690611809357676e-01,4.994330227172323888e-01,4.987154043718332597e-01,4.865729661715196830e-01,2.183996406588850914e-01,4.618916011520671772e-01,4.976222855413341417e-01,4.931529753355390344e-01,4.867523863265666995e-01,4.980405421320213133e-01,4.923899512562143754e-01,4.888008659551433266e-01,4.966932501385594723e-01,4.980998386094605546e-01,4.934812677987757135e-01,4.979775721290518042e-01,4.740115317354873237e-01,4.983827821004666592e-01,4.898951382046220493e-01,4.944396567910898099e-01
4.981707057206924416e-01,4.979248274334972524e-01,4.944162362954803158e-01,4.834554473324363388e-01,3.209424419989528321e-01,4.952480079425783388e-01,3.357413087134006324e-01,4.983798447797732067e-01,4.978059681216419619e-01,4.473394701516876792e-01,4.975126106869767195e-01,4.977620925613676639e-01,4.982646196649731518e-01,3.356056953496661666e-01,4.975977489401903209e-01,2.008013132997423233e-01,4.920325031845916297e-01,4.956163269445043595e-01,3.357191701511001436e-01,4.750646926088694655e-01,4.745835171361107996e-01,4.968723349391255817e-01,3.373079726875625739e-01,3.363833996239227742e-01,4.839304272765423409e-01,4.948448175324937082e-01,3.359626821765560045e-01,4.948604994324600770e-01,4.742545392419299510e-01,4.854720007821996530e-01,4.971431149829432239e-01,4.976451895360486932e-01,4.946649326375130995e-01,4.933316715737028346e-01,3.249427635373922651e-01,4.892877924076307061e-01,4.973580836300864338e-01,4.968080495684575326e-01,2.084968997054317263e-01,4.930011226375632383e-01,4.941631926410312570e-01,4.115488204399153638e-01,4.898729791896096475e-01,4.928357960364277424e-01,2.088212287123701882e-01,4.939955981566673260e-01,1.650322934417906839e-01,4.953827389948840532e-01,4.936645618636991695e-01,4.963680799188834869e-01
4.987864616081909008e-01,4.979745479775542494e-01,4.937162591218563490e-01,4.891443823956145853e-01,4.699121975513730898e-01,4.912942824671532871e-01,4.756381345819662432e-01,4.981111709114602881e-01,4.984391175054168621e-01,4.656953489018739734e-01,4.980506907535700023e-01,4.960093653587863138e-01,4.944063782444628186e-01,4.742175218357330690e-01,4.981078631291134817e-01,2.495977133682037441e-01,4.861448133457321741e-01,4.962440944000836018e-01,4.745236032628720180e-01,4.843530360587219863e-01,4.902744047575359754e-01,4.965919189667071798e-01,4.770087330975895101e-01,4.762774039498494649e-01,4.861831650297683272e-01,4.935311985281630176e-01,4.703482599195935587e-01,4.821521281245256252e-01,4.918778363746091342e-01,4.939026077028469408e-01,4.926035589088248456e-01,4.973872444464128018e-01,4.890970396563338873e-01,4.941839107043632939e-01,4.667953573040651283e-01,4.777641130214224652e-01,4.972652697051689330e-01,4.972828565429229242e-01,2.483129635931809187e-01,4.932951207906703384e-01,4.905855496129157278e-01,3.619763415559353326e-01,4.702230533167490178e-01,4.862474406935023419e-01,2.516608133386069590e-01,4.937773112404859055e-01,1.814250933416513278e-01,4.952316298786639814e-01,4.944554491722754075e-01,4.939446153672253925e-01
4.994330831541075044e-01,4.990814465912806752e-01,4.969907574481685075e-01,4.920432269779798640e-01,4.966781194183567116e-01,4.784162754171296106e-01,4.976486966916694454e-01,4.990738880735260397e-01,4.984388787200030868e-01,4.515116875528152329e-01,4.990246786205053131e-01,4.905840379937279616e-01,4.920305904074235293e-01,4.962365612872639553e-01,4.991537474876958091e-01,4.491365908038961186e-01,4.561383525561875651e-01,4.984350280169315695e-01,4.914530283692310486e-01,4.865630244820965400e-01,4.654934728399827693e-01,4.993844624481686423e-01,4.972882039236487528e-01,4.977952655890746092e-01,4.949169375457532216e-01,4.963793238056475876e-01,4.870594796078215882e-01,4.800442761696946947e-01,4.658425307688526806e-01,4.990537289790474285e-01,4.922764973322462101e-01,4.988596782152889819e-01,4.929245856380143342e-01,4.831350666559905971e-01,4.912259841608531685e-01,4.502026881512067868e-01,4.975021550465743569e-01,4.928671208963468775e-01,4.710292743726833264e-01,4.975383177677338842e-01,4.891028312081238671e-01,4.245345575020999518e-01,4.767850335172769682e-01,4.932376431101397340e-01,4.802700127031748201e-01,4.970136167101187885e-01,4.138115911408499770e-01,4.978915568560356442e-01,4.922359884924787932e-01,4.926650162609417238e-01
4.992139743312215550e-01,4.998370960695636134e-01,4.994005026723341567e-01,4.964158559318515018e-01,4.887593349790488317e-01,4.863505757834383214e-01,4.981692054330125741e-01,4.998313172514362579e-01,4.986838452114532583e-01,4.465637778203339625e-01,4.996596234964753580e-01,4.942685588854390799e-01,4.962770714584251452e-01,4.981833133858041829e-01,4.994321431950883849e-01,4.505938661061393846e-01,4.715730380354957729e-01,4.990518904155553104e-01,4.941843057026573671e-01,4.849669070932682291e-01,4.493603116009989851e-01,4.978039451132122428e-01,4.982815898237065722e-01,4.986817963854135449e-01,4.990420369127978595e-01,4.962985874170143807e-01,4.924021466628382138e-01,4.923641123531359298e-01,4.512966756912095145e-01,4.998920552546586293e-01,4.967784653819740104e-01,4.998282009550808480e-01,4.984675279864367869e-01,4.892208502372966117e-01,4.923982567349819983e-01,4.701126132300377791e-01,4.987770199312686614e-01,4.944152531795088512e-01,4.918158430333623987e-01,4.997249987115606196e-01,4.948921136082387595e-01,4.849423075056105703e-01,4.941046848511637113e-01,4.941694436019099523e-01,4.992308751386558829e-01,4.991582938139553227e-01,4.799542239558531875e-01,4.996593049242187279e-01,4.922523924627530967e-01,4.963350533039374568e-01
4.997927731005543106e-01,4.999930728801602053e-01,4.999698253018202698e-01,4.996075144259368717e-01,4.945534505028311156e-01,4.985291782691637086e-01,4.984858243870459171e-01,4.999948955991804778e-01,4.997187723801038706e-01,4.938900383521783177e-01,4.999599346586566795e-01,4.994313462999699915e-01,4.996400591163014937e-01,4.986737887081082454e-01,4.998706705846625575e-01,4.919438060182202421e-01,4.972430027629935467e-01,4.997750821305279589e-01,4.982134376790902652e-01,4.955217344061249585e-01,4.933297557804957045e-01,4.989458291402513734e-01,4.986862043291137581e-01,4.986355506324604558e-01,4.997385549825031359e-01,4.987128034741400984e-01,4.975663342804534373e-01,4.995114085143376181e-01,4.943540694490392018e-01,4.999845190773626880e-01,4.997340988250915106e-01,4.999956611443507892e-01,4.999313765081965233e-01,4.990096044145657661e-01,4.928382362847120168e-01,4.972123901586112393e-01,4.998377922501102688e-01,4.992734710547095389e-01,4.964730486013879118e-01,4.999944125105254544e-01,4.994944603534230421e-01,4.992891542585719544e-01,4.997595720658903340e-01,4.977545688690000469e-01,4.985734693483283020e-01,4.998154775204068923e-01,4.944834083368067623e-01,4.999927929772204349e-01,4.982345818480796162e-01,4.995807853752461392e-01
4.998396608650936268e-01,4.999915393990140289e-01,4.999898989400783367e-01,4.996808629780556399e-01,4.918914344555739837e-01,4.994671592912749980e-01,4.952816059762114032e-01,4.999982025769318383e-01,4.997944155520100962e-01,4.988382726118756327e-01,4.999752260418619532e-01,4.998370891503952085e-01,4.997949886140897191e-01,4.954946294542548757e-01,4.999003700832237440e-01,4.890171797033484591e-01,4.993246828488958622e-01,4.998234391827152678e-01,4.953574559074674921e-01,4.963593992873900906e-01,4.977268420094552726e-01,4.987858300015176605e-01,4.955079762394332676e-01,4.953617046021979164e-01,4.997004456602984201e-01,4.986373273529543515e-01,4.946718880960993547e-01,4.999174742083897227e-01,4.989378478203332357e-01,4.998560628269895223e-01,4.999249121784222760e-01,4.999983144914929012e-01,4.999605287406102549e-01,4.997076154260861602e-01,4.895147800945690575e-01,4.993644175402482399e-01,4.999078180890400014e-01,4.996997682960349074e-01,4.894585232951670362e-01,4.999950547314447880e-01,4.998147174258003034e-01,4.996654751619449275e-01,4.999477410578191949e-01,4.974663627271513344e-01,4.914580069592964229e-01,4.998409301832587581e-01,4.879944597523316885e-01,4.999934397559948063e-01,4.984698722072334331e-01,4.997768185408167363e-01
4.991844671802240230e-01,4.997983344475936951e-01,4.998377383785366224e-01,4.958288488354414270e-01,3.758620946489508174e-01,4.983758961052089376e-01,4.058726729445338299e-01,4.999330193998396954e-01,4.990974904213859586e-01,4.984135036969786214e-01,4.997375031179554505e-01,4.998051706256068094e-01,4.981848175850453475e-01,4.068838045168425843e-01,4.994294523798524787e-01,3.943261753591857377e-01,4.990961095357500654e-01,4.990272048509118430e-01,4.068882752927087121e-01,4.620763708853413698e-01,4.899227713384016747e-01,4.903664623239534781e-01,4.069330001245402006e-01,4.056784786336841697e-01,4.977562698871541569e-01,4.899272084460535859e-01,4.046475098881893717e-01,4.997985165181865752e-01,4.996243097532040989e-01,4.963421337453268189e-01,4.996620550697112861e-01,4.999308728179208128e-01,4.996302926207584205e-01,4.988043817025986648e-01,3.992027470954154778e-01,4.996095552651598770e-01,4.997200582919285594e-01,4.992060138498619071e-01,3.872020152153964889e-01,4.997655924411784079e-01,4.996057420048448661e-01,4.969412489681135359e-01,4.998386079080294753e-01,4.805480415338140854e-01,3.964512743231834446e-01,4.994319676174609479e-01,3.662535371157834563e-01,4.996990060986269966e-01,4.890197786589614570e-01,4.987749290228996046e-01
4.993152649656799058e-01,4.990571684334925151e-01,4.984323813594196961e-01,4.883175565542371421e-01,2.306484585430379486e-01,4.970187223125153708e-01,2.628936625463120236e-01,4.994782776914875044e-01,4.987648118164026978e-01,4.875601966080562177e-01,4.987677415104244116e-01,4.993428777661607088e-01,4.967387631900507805e-01,2.634745444018461447e-01,4.990704782238009063e-01,4.321615434431864688e-01,4.978268327481620292e-01,4.984684865901986561e-01,2.636258273725065049e-01,4.365945574764458215e-01,4.899487740982527151e-01,4.902761329237615429e-01,2.637188260847491694e-01,2.623425857824322471e-01,4.921145008618512673e-01,4.896261678228449599e-01,2.619232700267758451e-01,4.981916831812362445e-01,4.985343776402123561e-01,4.895674614313463846e-01,4.988921075571656205e-01,4.993254345176139641e-01,4.981962229247867135e-01,4.982364995560978338e-01,2.558417094334808906e-01,4.978354851493555500e-01,4.988833367237823224e-01,4.992193973922051109e-01,4.240521099734206878e-01,4.977686226474746789e-01,4.979606373689038912e-01,4.753251435014180237e-01,4.980095503826838521e-01,4.806996471659654158e-01,4.341874720262204890e-01,4.978445734743103257e-01,3.643077539152977939e-01,4.981643054701693774e-01,4.879671966317813414e-01,4.976829190916032264e-01
4.987959549038911700e-01,4.980258549726152562e-01,4.948803191575637528e-01,4.897182519908058196e-01,3.080369512310552893e-01,4.969713072914841989e-01,3.286628507877469296e-01,4.985036571581345499e-01,4.983216303001451464e-01,4.363512464476506092e-01,4.975843324853455041e-01,4.987234401171071752e-01,4.975004424026003291e-01,3.287228355751335429e-01,4.980711330305797047e-01,4.414857846467865055e-01,4.980836723762412932e-01,4.964555208723568924e-01,3.291462266150614879e-01,4.652468271376464237e-01,4.620834282967775652e-01,4.978745489791140955e-01,3.301653969322533855e-01,3.290564268889614730e-01,4.846248994527073695e-01,4.962087198756898188e-01,3.287875856074471970e-01,4.924282365663742445e-01,4.613990838911955494e-01,4.917107330526064857e-01,4.981385558994795848e-01,4.978576888983508586e-01,4.927381888420838130e-01,4.924104439144255663e-01,3.219610269532703906e-01,4.932504375474084934e-01,4.976317824431990000e-01,4.984618360991292518e-01,4.746535299815360376e-01,4.935527473351266625e-01,4.946053774034230299e-01,4.041610864631439703e-01,4.845360692959831406e-01,4.928337460380737278e-01,4.751854483742136148e-01,4.946507369975885471e-01,3.614135074287901372e-01,4.957108944515032367e-01,4.957805793017070473e-01,4.965714882771854466e-01
4.982042149970976053e-01,4.979065610703987677e-01,4.933349508077745638e-01,4.934466635184828753e-01,4.721912567881724199e-01,4.917520387657926539e-01,4.732192217922069899e-01,4.980923222073441736e-01,4.981488715936039924e-01,3.368842995304702770e-01,4.980010068977626658e-01,4.954323467550483251e-01,4.950263740090456444e-01,4.728116449394548226e-01,4.976687351781678426e-01,3.437790099017084544e-01,4.839723232663040164e-01,4.954732094936732389e-01,4.734806821201139604e-01,4.929158464358601721e-01,3.508093244584591375e-01,4.932433061623039405e-01,4.757182653717884624e-01,4.746901051475537203e-01,4.849766704932509387e-01,4.902189301173840996e-01,4.726620997386473677e-01,4.823988609480219236e-01,3.544638238727929047e-01,4.976568678930274325e-01,4.978605265637430777e-01,4.972781120779907749e-01,4.880477080647265264e-01,4.748964471899118078e-01,4.681605865208833817e-01,4.750209093172947372e-01,4.973518567513841582e-01,4.977129394464901990e-01,4.750564907762470646e-01,4.928121326565124138e-01,4.911964188738692227e-01,3.594764907503223972e-01,4.671226112744063519e-01,4.786967672823842501e-01,4.804866202258885610e-01,4.937279459091722389e-01,3.469100844954439711e-01,4.953847751443801184e-01,4.917651498939159538e-01,4.939022274922359457e-01
4.993913465825789988e-01,4.989101715418177707e-01,4.969639229486250143e-01,4.867542379257647212e-01,3.469910140803028620e-01,4.769396853078852749e-01,3.739477690652456832e-01,4.990147965538415109e-01,4.985361470731426992e-01,4.091890134422039305e-01,4.992505551554948795e-01,4.891300297903735661e-01,4.896230875618807210e-01,3.733778187675891869e-01,4.991268669365926947e-01,3.595813589427320767e-01,4.485586601006189000e-01,4.983850754782910841e-01,3.707798898008041188e-01,4.547734342687480003e-01,4.062741252782286483e-01,4.875912565297985113e-01,3.739590112245718134e-01,3.729715883865663550e-01,4.939156720686632140e-01,4.847604973237947812e-01,3.676020509348476573e-01,4.799870062005459070e-01,4.168954059268895063e-01,4.940875545078400877e-01,4.960806058083473968e-01,4.988310053173070080e-01,4.936772095162173524e-01,4.762613993625845477e-01,3.653843993303776405e-01,4.444706800442839723e-01,4.976153336207974065e-01,4.943817426785107050e-01,4.148046270766960197e-01,4.976958442763934065e-01,4.894691012763266458e-01,4.331511660740688940e-01,4.776836464130537196e-01,4.706914084593895597e-01,4.318682758198642002e-01,4.969846980119151936e-01,3.536937285773551487e-01,4.977828160196662854e-01,4.813784933168426816e-01,4.915577595598238925e-01
4.995666661468229353e-01,4.992625872601310077e-01,4.991753981423060482e-01,4.866231654323656119e-01,2.205374222533092732e-01,4.783897490512726836e-01,2.687607463022593235e-01,4.996260214110690989e-01,4.982215702045517669e-01,4.797345436014857079e-01,4.988232982512620928e-01,4.915421165251005475e-01,4.921513665122271286e-01,2.687792973176305056e-01,4.994442275470682424e-01,3.045940146649249169e-01,4.569427623079387324e-01,4.992066922963950826e-01,2.655328102673467638e-01,4.023586624048369198e-01,4.881763027480703343e-01,4.945912094069399578e-01,2.685620680499424262e-01,2.679472068025927078e-01,4.949518714720169688e-01,4.929334246503562778e-01,2.630943970110180552e-01,4.904070657847430792e-01,4.924347295509428624e-01,4.921450293396992248e-01,4.943463775121761383e-01,4.996994387370963797e-01,4.993593266196650893e-01,4.969086686064150271e-01,2.619503100119622840e-01,4.571188181841619458e-01,4.976389347989151890e-01,4.920474488495515941e-01,2.999123429683104858e-01,4.991102855928113424e-01,4.922444210139781950e-01,4.878564837316943237e-01,4.985691738248927973e-01,4.899290677200303090e-01,3.091395017309605531e-01,4.983228275702747956e-01,2.521634111727459326e-01,4.985269134213807796e-01,4.848601417347469522e-01,4.940447960687078255e-01
4.981899862473938012e-01,4.982974385900309500e-01,4.955469113364669997e-01,4.942466424307240813e-01,3.220608647427672944e-01,4.950464347866748160e-01,3.870266290495152361e-01,4.987329558213768332e-01,4.977726163452112496e-01,3.415874845782728708e-01,4.976062435831469233e-01,4.985142344497537903e-01,4.978132722359038254e-01,3.877171603254074839e-01,4.978760944882504869e-01,3.492058813357751812e-01,4.956085946360311856e-01,4.960902940551346618e-01,3.868053585350424428e-01,4.116360526517276464e-01,3.626435131385057353e-01,4.985220323893680971e-01,3.892451034963158585e-01,3.883105442437890242e-01,4.859107430724120547e-01,4.967240374596101349e-01,3.856040303097741928e-01,4.929114282717695916e-01,3.617141530311688835e-01,4.962037429797737653e-01,4.962604504936140026e-01,4.981619597259882015e-01,4.928961299330877899e-01,4.855262650537750524e-01,3.824647782474195346e-01,4.904615162398511807e-01,4.975807159433225380e-01,4.962067219254784889e-01,4.780888536171487568e-01,4.942345781255309545e-01,4.946118345884752965e-01,4.107928693878497572e-01,4.854720151607431200e-01,4.937689864072062895e-01,4.800189567513898359e-01,4.951843486665281069e-01,3.300024734443865460e-01,4.962903423120853530e-01,4.944276097033796780e-01,4.966045693927871874e-01
4.985273610534382005e-01,4.978215038291518568e-01,4.931226598397390748e-01,4.927885056925090934e-01,4.549396942428901580e-01,4.890733947992585984e-01,4.896936166155708703e-01,4.980502886131764617e-01,4.983300335871964637e-01,3.637135928407118080e-01,4.978409509644223796e-01,4.936046836321006381e-01,4.946775991956451346e-01,4.890316466472470758e-01,4.977967072403073345e-01,1.966132821745761872e-01,4.741968093364083980e-01,4.957269604100120741e-01,4.891609232542111774e-01,4.591567801866610066e-01,3.828484508949629439e-01,4.967045726277890538e-01,4.919371279668801056e-01,4.911593128817204890e-01,4.844056890936780380e-01,4.937120242510815715e-01,4.898333269335781170e-01,4.811001165270745172e-01,3.839621582889710671e-01,4.974454989176350095e-01,4.983183600374849753e-01,4.972177771460127294e-01,4.878373362104352351e-01,4.673461640165009756e-01,4.839975742279009618e-01,4.651382278922235325e-01,4.971085631078878686e-01,4.974960663018600515e-01,2.511713185904234646e-01,4.925354724466577960e-01,4.903571131750985024e-01,3.583531889955348659e-01,4.659693858383200937e-01,4.856091491730484822e-01,2.518168033309935439e-01,4.937425016874665284e-01,1.688913553235154852e-01,4.953251990270439165e-01,4.948290461473363044e-01,4.935263770572995701e-01
4.993257972713356918e-01,4.986989589060064620e-01,4.958694733850130820e-01,4.908445136058785518e-01,4.899855068501046129e-01,4.738366022901320807e-01,4.947266281091057816e-01,4.987563509177813104e-01,4.986521866766235878e-01,4.699511799275240542e-01,4.989078306594511569e-01,4.872331847820842166e-01,4.910902835255427368e-01,4.930163435709949415e-01,4.989641312047575217e-01,2.413651919649071054e-01,4.392689627520974249e-01,4.978996812628887492e-01,4.879170936547639337e-01,4.856092994414154540e-01,4.839860182756544060e-01,4.987836290270994954e-01,4.941790531910170703e-01,4.947646718980548419e-01,4.925908876161897432e-01,4.956519762529572048e-01,4.876774737919286618e-01,4.787576410681645966e-01,4.844328502264954595e-01,4.986064733369353075e-01,4.967205543862388550e-01,4.984033316055347940e-01,4.933030200055635861e-01,4.814520246605134557e-01,4.871354929660792754e-01,4.344290468778269632e-01,4.969607300414571327e-01,4.922418592832943363e-01,2.441602313935818946e-01,4.963626885751082907e-01,4.876535946096622332e-01,4.201237287363046025e-01,4.767499656392552576e-01,4.930492488850184984e-01,2.472037308523636900e-01,4.962460397804656642e-01,2.093957800227707056e-01,4.972676686465491991e-01,4.912313689361086366e-01,4.915033327895396709e-01
4.990324371619168087e-01,4.996722455416989228e-01,4.989869379715501929e-01,4.951577295183529070e-01,4.974048991538576048e-01,4.822894722423695102e-01,4.971638984656910343e-01,4.996775375384446827e-01,4.986383844730848391e-01,4.921481189945864920e-01,4.995739071098901918e-01,4.927067892397821169e-01,4.951302597013946816e-01,4.968609904629028295e-01,4.993616769750224282e-01,4.690231410132389422e-01,4.639524441661890819e-01,4.987302575871351284e-01,4.916871629952951350e-01,4.925885079846098469e-01,4.985282943463569816e-01,4.990836123502919719e-01,4.969829500429408520e-01,4.977009720435750517e-01,4.983232020044967014e-01,4.972313833433570363e-01,4.895662427222899349e-01,4.905753261354890427e-01,4.991014425011718325e-01,4.996369296833272355e-01,4.961418301233995742e-01,4.996539801505549550e-01,4.987690014595860255e-01,4.964050112103175483e-01,4.900017252199796447e-01,4.628547474818698326e-01,4.982861902401551357e-01,4.925949350094402379e-01,4.624960791514677316e-01,4.993890447903186480e-01,4.932166393391062553e-01,4.824132591575249207e-01,4.944183121254608904e-01,4.972168293321113097e-01,4.693671113630826230e-01,4.987696293225023503e-01,4.589474670508483789e-01,4.993325936247255403e-01,4.918229987355050570e-01,4.952946357902470176e-01
4.995365101159414123e-01,4.999766964252809753e-01,4.999206735955951664e-01,4.987207653282864084e-01,4.951365880918863205e-01,4.970177859565147460e-01,4.951324773307738125e-01,4.999794893510391969e-01,4.994595274251995565e-01,4.982132832337557438e-01,4.999033738556343254e-01,4.990217125224843397e-01,4.992561674175566844e-01,4.954336475198475309e-01,4.997286017378497758e-01,4.994174471287999295e-01,4.953139119444625038e-01,4.994958102115720777e-01,4.944225227125941813e-01,4.982235621237438572e-01,4.982291515089981027e-01,4.985461178668496030e-01,4.954863931747936490e-01,4.954785704730625406e-01,4.995678248930072174e-01,4.980755037834304622e-01,4.929787909832393233e-01,4.989308523310828081e-01,4.996239341283775781e-01,4.994634720708664988e-01,4.988326392630775263e-01,4.999820935875287642e-01,4.999065929856625901e-01,4.994023426426684731e-01,4.879273336821783325e-01,4.952527544748175914e-01,4.996811497542928415e-01,4.983073742582964094e-01,4.963975078129959084e-01,4.999792444431561678e-01,4.989181259827664139e-01,4.985780282666249508e-01,4.996322231843829953e-01,4.968910995558566412e-01,4.998677279062554990e-01,4.997008233885303352e-01,4.997353262252616779e-01,4.999656638702276723e-01,4.969172047873946507e-01,4.991487991635827348e-01
4.999760698260769520e-01,4.999980828212891026e-01,4.999979185468884646e-01,4.998145800068895528e-01,4.992050838646801547e-01,4.998548062808433889e-01,4.992569415237533836e-01,4.999989396385377538e-01,4.999094256699015970e-01,4.996251951003862213e-01,4.999883255793237113e-01,4.999430859522196458e-01,4.999664775731095800e-01,4.993251907437902259e-01,4.999824341992207821e-01,4.992925967893695471e-01,4.999470168780839607e-01,4.999691979066041569e-01,4.993024191723475780e-01,4.998744377362337454e-01,4.995415004224479372e-01,4.998510827623091068e-01,4.993310765651469141e-01,4.992944991059892201e-01,4.997962801123340681e-01,4.997609115146994796e-01,4.986979958072087493e-01,4.999797529160595055e-01,4.996520466952495965e-01,4.999361600947287987e-01,4.999591956153332517e-01,4.999995655461764166e-01,4.999925136612166643e-01,4.999685408051445790e-01,4.922244082935933185e-01,4.999491078838692593e-01,4.999377690279219189e-01,4.999489866952954165e-01,4.992033801156308681e-01,4.999968790629789051e-01,4.998986775278618788e-01,4.999291476159490877e-01,4.999793196284619268e-01,4.996640572528343593e-01,4.999417382632529994e-01,4.998642317939979152e-01,4.999295600039698195e-01,4.999986230702162526e-01,4.997907289255497099e-01,4.999238156127449595e-01
4.994091163038454906e-01,4.998914218298227685e-01,4.999311434032476797e-01,4.967766328503935847e-01,4.303806310121162104e-01,4.988907677839807264e-01,4.323263198857882905e-01,4.999700455347731998e-01,4.991906715764863889e-01,4.682425490112348543e-01,4.998200334765448005e-01,4.998710431479503336e-01,4.987901655977050042e-01,4.330331585854751975e-01,4.995500732286993761e-01,4.313799349740357614e-01,4.995291255207593428e-01,4.993197624440645077e-01,4.330832760893239541e-01,4.969063792538765956e-01,4.619228626548460004e-01,4.925385486414407543e-01,4.331225481350604034e-01,4.321522461600928455e-01,4.985827790786439007e-01,4.920997655409343197e-01,4.309413796079856751e-01,4.998363545227452742e-01,4.689998744759885096e-01,4.972623369694319506e-01,4.990904875050092837e-01,4.999713266658447619e-01,4.996904335867240476e-01,4.984966142532035183e-01,4.244607929804258273e-01,4.998048367229375177e-01,4.998185101143904352e-01,4.994095897408198925e-01,4.539385227927374422e-01,4.999060689503050381e-01,4.996853847433601059e-01,4.975998170883371707e-01,4.998093367613825611e-01,4.847947774540880550e-01,4.625392641657183890e-01,4.994972724078114434e-01,4.596403176258124779e-01,4.997945662367563324e-01,4.915582960390123546e-01,4.990887691185197372e-01
4.994109254349126670e-01,4.993524671092507972e-01,4.991108681239300182e-01,4.947259184000903365e-01,2.940190303318864218e-01,4.975667096304411952e-01,3.088562255264569179e-01,4.996708259336509750e-01,4.986316297886904114e-01,4.239761220222251770e-01,4.991099764114784731e-01,4.995967890028024661e-01,4.965801798421335955e-01,3.096374302120589728e-01,4.992046299075242888e-01,2.532650929601368284e-01,4.985963686643988257e-01,4.988767217510038376e-01,3.096991126027528463e-01,4.744938161620374517e-01,4.185590977068325835e-01,4.861294807834175002e-01,3.097955836594403767e-01,3.081439168038978549e-01,4.942306428495684689e-01,4.855201553178944418e-01,3.074801269588974262e-01,4.976906890453509091e-01,4.300441186221226619e-01,4.959898599050167611e-01,4.989436324085397834e-01,4.996016266786799664e-01,4.975806411298048237e-01,4.886955786065433904e-01,3.034082467849015252e-01,4.977868544578203935e-01,4.992107793525278336e-01,4.994020692060938127e-01,2.845601880313959886e-01,4.986439335412632956e-01,4.986785402740813722e-01,4.753212138652757601e-01,4.963110092734701606e-01,4.713992738090276857e-01,2.941868333037825356e-01,4.982502946777175867e-01,2.680159479557303603e-01,4.985820058280218126e-01,4.840989252823235112e-01,4.978445116532223547e-01
4.990452794189318420e-01,4.983798975901250206e-01,4.959545352896582715e-01,4.957243934277562603e-01,3.029074329433940060e-01,4.963211532943391791e-01,3.621108417875834595e-01,4.988127977419978265e-01,4.983760289655597697e-01,4.590426605106741609e-01,4.978535469956656412e-01,4.982719904107658637e-01,4.964593666387379089e-01,3.628560257666035294e-01,4.984204479251782560e-01,3.637324159278609859e-01,4.952977208341968751e-01,4.971514653246881799e-01,3.628092397289225945e-01,4.150107885433766408e-01,4.790365371811918793e-01,4.943000679975098066e-01,3.640072122117351539e-01,3.625796438910074970e-01,4.866430552139310861e-01,4.929876421142599940e-01,3.614139886072627039e-01,4.907528655583819899e-01,4.826127870184424573e-01,4.976591469989185001e-01,4.981251565856707475e-01,4.983230931852272727e-01,4.912474780958266951e-01,4.701115031766448515e-01,3.584253678488306116e-01,4.887577929714223002e-01,4.979702875938379347e-01,4.988302302869307980e-01,3.702261970836678295e-01,4.947636332707288087e-01,4.954381524336540776e-01,4.033510351258162707e-01,4.798905140842315009e-01,4.837254943424822984e-01,3.748058028537091801e-01,4.956976306090914441e-01,2.544330227944252010e-01,4.964898702472249625e-01,4.922272833714927409e-01,4.966318736312423932e-01
4.982758075120509167e-01,4.978602116237910713e-01,4.930348469576657511e-01,4.914304833424105179e-01,3.502471554620605332e-01,4.877128938839880301e-01,4.722574725316865396e-01,4.981026634180827362e-01,4.981547608410012429e-01,4.505474925573854650e-01,4.976779175955178269e-01,4.918286777513059538e-01,4.949269355517642022e-01,4.722051254084438376e-01,4.976039727661175083e-01,4.444355770019015051e-01,4.656006702445210088e-01,4.954053345976533462e-01,4.724642538296060512e-01,3.670424871157136337e-01,4.763677113186720602e-01,4.969798816741515801e-01,4.750128087402343824e-01,4.742359339570859644e-01,4.837574959099633087e-01,4.940281601737810391e-01,4.732944729998438960e-01,4.816865602582399708e-01,4.774459078473505813e-01,4.957784867378487448e-01,4.972542915061720636e-01,4.972319513935604118e-01,4.879473228028069487e-01,4.775554543475953873e-01,4.650079212258794725e-01,4.568006269423819377e-01,4.971561625944545537e-01,4.977431221635882364e-01,4.615427076271202966e-01,4.923337819152620587e-01,4.904549736194335208e-01,3.578399006797465254e-01,4.656046860529728937e-01,4.863357027862350579e-01,4.618588174691402592e-01,4.939995650416669215e-01,2.471195532277578599e-01,4.956332523505245780e-01,4.953651405943004793e-01,4.934844391580163192e-01
4.992016949576758567e-01,4.985298771071038915e-01,4.955397245157264763e-01,4.885671937581215762e-01,3.083683089908021979e-01,4.725120746708750818e-01,3.816528457601451874e-01,4.986767054702474500e-01,4.984016446894320995e-01,4.674428469844916223e-01,4.989899410429352589e-01,4.854708626454994347e-01,4.896659063900680731e-01,3.804441297303302050e-01,4.986619500342842626e-01,3.952114036358743143e-01,4.293714995202059237e-01,4.976494706289611991e-01,3.778300389519940738e-01,4.004324503852381145e-01,4.639784911040935600e-01,4.872191555559149956e-01,3.813388039221410342e-01,3.805026772853093986e-01,4.913614179019235584e-01,4.840517064329336594e-01,3.794635813997821461e-01,4.801220228219849062e-01,4.756089241250302524e-01,4.967545989060261902e-01,4.987363800929776603e-01,4.982722219584972967e-01,4.950857279818784429e-01,4.986914779674701537e-01,3.737201831595246548e-01,4.271431090941560371e-01,4.970689823264173302e-01,4.937613585267726646e-01,4.024800739914640713e-01,4.961510149095380018e-01,4.878196830027930475e-01,4.312852971150436532e-01,4.813468851588825759e-01,4.719854256516618496e-01,4.139081473350259555e-01,4.958609865487949575e-01,2.943113346960304910e-01,4.970750565459531867e-01,4.808019238430851217e-01,4.904185151600410353e-01
4.996365629392385821e-01,4.992733121001066698e-01,4.993226746396572935e-01,4.929502400485832325e-01,3.086807293724623813e-01,4.770714998106339588e-01,3.204780014125978016e-01,4.995825039056379091e-01,4.983332002182759290e-01,4.880213919261959243e-01,4.992575146954297827e-01,4.920119504887396911e-01,4.907431764182738632e-01,3.203139351290184011e-01,4.995980844373009155e-01,4.877193973226450763e-01,4.588469358705508649e-01,4.994139533450493440e-01,3.156896171257234651e-01,4.754906595304052019e-01,4.830102635977350234e-01,4.880691899126344824e-01,3.198625728194339768e-01,3.190832402647263422e-01,4.961586580804637214e-01,4.863827941322966808e-01,3.147024123533462836e-01,4.885064746741862307e-01,4.940215565609296089e-01,4.993613872677728494e-01,4.992334101722885609e-01,4.997092827273528215e-01,4.990078498074752011e-01,4.850443091881756486e-01,3.157312768635213707e-01,4.589599894005358394e-01,4.974841872557894673e-01,4.908472116614375769e-01,4.759315932313632480e-01,4.995300627994989084e-01,4.918489942740890131e-01,4.871826377020810339e-01,4.979401997508195454e-01,4.763651129530832029e-01,4.953584333752221180e-01,4.980917165206968367e-01,4.749919230418803706e-01,4.983226578978487420e-01,4.774907707979682558e-01,4.932834049449053015e-01
4.982529346096770118e-01,4.987169963532284145e-01,4.969133936522429629e-01,4.942092768800667169e-01,4.262877956089445308e-01,4.943185677839799785e-01,4.341311926003118549e-01,4.990849065027794240e-01,4.978148666432890002e-01,4.292926503016893935e-01,4.979508637043221220e-01,4.989032797364125194e-01,4.967664723321992271e-01,4.358612933333857464e-01,4.982996621744912868e-01,3.553925914969831568e-01,4.979915150356246101e-01,4.967096193224400102e-01,4.334480968054537087e-01,4.831813653996883118e-01,4.521805584188851590e-01,4.969188686520615850e-01,4.369767922081680411e-01,4.360428833647128632e-01,4.885819075769022302e-01,4.954317028041941295e-01,4.293018987691246124e-01,4.912055827782036421e-01,4.532773182032244219e-01,4.960183453957588973e-01,4.970877697469070489e-01,4.987304235907576988e-01,4.914867083717033291e-01,4.725690406729514126e-01,4.282272914066829195e-01,4.908860427234968404e-01,4.978491284504263925e-01,4.954109550913068927e-01,3.826993435799039833e-01,4.957796012580844014e-01,4.953626518498194242e-01,4.113607797447653147e-01,4.807087791997280424e-01,4.884476760719716482e-01,3.888695469768704283e-01,4.964493812458738442e-01,3.167531649987687659e-01,4.971977527211289272e-01,4.918520396814047291e-01,4.968177077964527344e-01
4.982955975744788324e-01,4.978950623597159231e-01,4.930725468240801379e-01,4.915638617221417261e-01,4.186308883378587198e-01,4.863200230373815325e-01,4.951176666994423492e-01,4.981382003932754432e-01,4.981551111495108874e-01,4.602342529928768466e-01,4.976086101015153584e-01,4.905691694099528211e-01,4.947574211120971954e-01,4.952009212132348903e-01,4.976202639816016959e-01,4.657183867744016936e-01,4.587699852750235507e-01,4.954273980763935770e-01,4.953524351204480758e-01,4.181786599014056249e-01,4.889330318303222178e-01,4.979290249874065988e-01,4.980614781285265247e-01,4.973175739018407815e-01,4.835977382722083662e-01,4.950387831376685810e-01,4.957755362041851299e-01,4.819041356349517136e-01,4.890226251438644645e-01,4.959132299733748916e-01,4.970404669764360572e-01,4.972675679944563720e-01,4.883113335522683007e-01,4.886168231305640930e-01,4.874535585932199266e-01,4.503705199646602653e-01,4.971187104360398901e-01,4.977428409540156085e-01,4.733350484920065271e-01,4.923173018724641969e-01,4.903436079413215909e-01,3.579322725520569515e-01,4.662486012995263884e-01,4.886360313122320442e-01,4.731303334708681363e-01,4.941970065444986071e-01,2.890107406646269528e-01,4.957865848769776873e-01,4.962469200141911840e-01,4.933935128704413087e-01
4.992014169961569436e-01,4.983446372225612819e-01,4.947151601051598124e-01,4.898006932250309475e-01,3.785443760990954698e-01,4.701991475950397237e-01,4.884690139266148479e-01,4.984678783851526074e-01,4.987514242622549943e-01,4.384448266994150911e-01,4.986724391818175839e-01,4.845100935188976776e-01,4.903965546351686799e-01,4.863960897607615963e-01,4.986770998525847931e-01,2.949063187254800100e-01,4.250830646629370491e-01,4.973178423282521021e-01,4.813719650688325080e-01,3.835069864834578790e-01,4.509949781607588415e-01,4.980163738787090622e-01,4.876836112570004933e-01,4.882183469613475824e-01,4.900370164759943470e-01,4.947721543259935850e-01,4.859573644132481052e-01,4.785954575207507777e-01,4.514462804447439970e-01,4.982301516288734633e-01,4.990369232159683754e-01,4.979485287428810913e-01,4.945133199873800733e-01,4.987261225770280304e-01,4.796076039297347271e-01,4.219454133964348208e-01,4.964514223489306932e-01,4.918879765819225702e-01,3.214682300088635425e-01,4.950829259179111430e-01,4.862610200352099898e-01,4.185647408689744942e-01,4.798674000056586952e-01,4.933992609905381577e-01,3.226543555138133845e-01,4.955031861771640456e-01,2.135722743174635063e-01,4.967273275408360944e-01,4.902741031163271312e-01,4.903716488750610725e-01
4.988742152551974285e-01,4.994175276222767024e-01,4.983713218977468551e-01,4.908995437289460639e-01,4.269459282488282104e-01,4.789869320277745923e-01,4.953209839837797168e-01,4.994597828674589568e-01,4.987265301363748016e-01,4.097577032223150839e-01,4.995264794986820633e-01,4.919429487213237695e-01,4.939658512663622214e-01,4.946488321025490076e-01,4.992873241677909801e-01,2.567237554811974687e-01,4.604401955210008501e-01,4.983569618855134831e-01,4.882528033066524942e-01,4.253512430198000960e-01,4.154992548441474587e-01,4.996494368307147216e-01,4.947608888614204448e-01,4.957803849796991180e-01,4.971882621181517581e-01,4.975398060647737708e-01,4.885607480114703138e-01,4.887789724544414627e-01,4.151719857049971929e-01,4.963451486730409146e-01,4.990505215572461628e-01,4.993885068841449892e-01,4.990956353473906537e-01,4.986973258889310090e-01,4.837965381531851849e-01,4.598947460981231417e-01,4.977121561170934072e-01,4.907741644502442435e-01,3.037370360939440350e-01,4.988275363185062927e-01,4.915452473522520793e-01,4.809110684824825510e-01,4.950619575484124235e-01,4.989924668768299654e-01,3.069377226941164549e-01,4.982262201737094331e-01,2.585121297134378437e-01,4.988576351744867798e-01,4.907378587278955484e-01,4.941731243235136239e-01
4.992096444127239740e-01,4.999322799733855738e-01,4.998248339458835621e-01,4.964001164444635239e-01,4.726462528062713719e-01,4.953237174112455343e-01,4.881609492920389592e-01,4.999399012754439653e-01,4.992144070721055149e-01,4.762559639582838455e-01,4.998537003685585289e-01,4.987974993391441347e-01,4.988169542830527825e-01,4.885751997359504828e-01,4.995810608359960714e-01,4.555922697537262422e-01,4.945880920507991219e-01,4.991278459587193406e-01,4.868107147474832752e-01,4.812200779150128116e-01,4.778781059844499080e-01,4.988235788924793579e-01,4.886776043401117042e-01,4.888239432205760959e-01,4.993138905443452735e-01,4.980715709977693861e-01,4.845576496511911913e-01,4.981381309689131842e-01,4.788936985739276064e-01,4.975789422672040052e-01,4.989208769863388571e-01,4.999457297372490450e-01,4.998763044342487416e-01,4.989154334190975537e-01,4.781480919422177456e-01,4.944850895187881124e-01,4.994525133044074860e-01,4.969813990991393537e-01,4.727084400485371818e-01,4.999302395237452679e-01,4.981547462811954374e-01,4.978250030264143033e-01,4.993986579007493876e-01,4.973942502921289699e-01,4.768048657785799449e-01,4.995450495760819232e-01,4.617998792285631371e-01,4.998893105721828323e-01,4.959726148824767367e-01,4.986463934097086770e-01
4.999901126916688754e-01,4.999984019625682841e-01,4.999987957933337279e-01,4.998429010427162811e-01,4.987695431717447114e-01,4.998884471219691150e-01,4.992818987729643609e-01,4.999986836119001965e-01,4.999094800528505189e-01,4.998991881515323366e-01,4.999889824002586858e-01,4.999400063262786076e-01,4.999829701439885699e-01,4.993431972304566702e-01,4.999909528693586291e-01,4.998000751194283109e-01,4.999885379122809836e-01,4.999832300120197748e-01,4.993327991638213947e-01,4.997522732026057901e-01,4.998903130050468269e-01,4.999525590669455788e-01,4.993477719759780720e-01,4.993253176313084962e-01,4.997748331542003486e-01,4.998594234889188193e-01,4.986423270938076246e-01,4.999858914296068102e-01,4.999019259267221682e-01,4.999745784223796341e-01,4.999765101165739023e-01,4.999996020679124964e-01,4.999954622984440489e-01,4.999635173888810624e-01,4.909966465040598860e-01,4.999863114828365651e-01,4.999406462700674569e-01,4.999739590338694861e-01,4.994393925593097472e-01,4.999962054666458044e-01,4.999080038975152740e-01,4.999542228944832689e-01,4.999751817001597543e-01,4.998774066485051626e-01,4.999893152183474965e-01,4.998536364045487179e-01,4.998149540459317919e-01,4.999991946775098617e-01,4.999170068397461031e-01,4.999280523053869496e-01
4.996256830339710908e-01,4.999472007820046637e-01,4.999687028277256529e-01,4.989822613603164259e-01,4.576154671869897550e-01,4.993093324875327865e-01,4.586033807611275548e-01,4.999881055109567374e-01,4.993983533955003162e-01,4.990371068957430434e-01,4.998740828545251702e-01,4.998935686838682502e-01,4.993686577418239847e-01,4.590373744949705626e-01,4.996980665309450620e-01,4.987331567393685217e-01,4.997378049255037924e-01,4.995748930091007400e-01,4.591072071751173822e-01,4.982035249992372572e-01,4.954889078381459200e-01,4.956805829024985011e-01,4.591436729154244611e-01,4.585260984882940649e-01,4.991314964287160150e-01,4.953046651255540445e-01,4.570126476875456811e-01,4.998222379384034131e-01,4.998737280849995246e-01,4.993808466026573578e-01,4.986885073341775776e-01,4.999888990764878582e-01,4.997272246043047428e-01,4.961349700458073664e-01,4.506434527546963609e-01,4.997753613888916702e-01,4.998785316169127579e-01,4.996134498933750279e-01,4.936890102831306693e-01,4.999659102648691955e-01,4.997316318039662364e-01,4.984229530187806456e-01,4.996978482051865345e-01,4.910356372206126085e-01,4.997075172599097503e-01,4.995957277182574430e-01,4.982257448045478987e-01,4.998733898074083082e-01,4.950546387004824966e-01,4.994264167237644769e-01
4.994984348022240561e-01,4.995656724574618623e-01,4.995425922098288840e-01,4.980839017455651052e-01,3.555900949597159966e-01,4.980019419256307422e-01,3.557589422218926378e-01,4.998059070741345811e-01,4.985339752851363215e-01,4.940456193326210887e-01,4.993304323768426034e-01,4.996813940562370715e-01,4.969576448140823888e-01,3.566327049696533247e-01,4.992822847995237456e-01,4.409419561420874212e-01,4.987749646430065797e-01,4.991831186915807184e-01,3.566339017267243783e-01,4.984242952196176191e-01,4.835578861137371232e-01,4.848389784007861580e-01,3.567762561075393801e-01,3.549529043583537491e-01,4.959316975850670550e-01,4.841805449920477122e-01,3.539378969405867492e-01,4.972573359220731071e-01,4.986471401812412330e-01,4.993276009616933186e-01,4.964254944129508629e-01,4.997848121366836316e-01,4.970703890654358803e-01,4.861149914222344104e-01,3.504447579323952122e-01,4.971798893181155754e-01,4.994698362151452353e-01,4.995366458147837418e-01,4.295250884227568289e-01,4.992519822502341498e-01,4.990935245089727634e-01,4.771587393111885733e-01,4.945075536478866218e-01,4.679575582215252938e-01,4.455657294465671936e-01,4.985314859305953195e-01,4.276831425947589804e-01,4.989281263388175569e-01,4.830897229358967482e-01,4.980759511748734103e-01
4.992738752600635599e-01,4.987314222659863239e-01,4.970462894760662720e-01,4.960387441420863741e-01,3.939339063292965903e-01,4.949902009945762460e-01,3.942641696445954858e-01,4.991106085993443631e-01,4.982655758989585904e-01,4.365839745698472663e-01,4.982072265089501073e-01,4.970642807395197482e-01,4.954247324636834038e-01,3.956156871174259515e-01,4.987092600305503276e-01,1.961192001387589423e-01,4.885449027591747817e-01,4.978513351784422669e-01,3.951339847111813297e-01,4.961562382023962936e-01,4.446386898937776389e-01,4.879287885453959528e-01,3.964320951881142308e-01,3.945236499888004067e-01,4.889944826388302190e-01,4.868758822293414168e-01,3.929347239812474579e-01,4.902540065666737834e-01,4.545815574052835539e-01,4.979231539525305617e-01,4.971863257254909851e-01,4.987815898309354012e-01,4.908292963034072698e-01,4.902160291681381676e-01,3.893651586564758627e-01,4.815314584537905285e-01,4.983573424191333201e-01,4.991380074842428072e-01,2.089858383322323043e-01,4.960559823959708736e-01,4.963822857102641040e-01,4.058579197979157449e-01,4.775347214702128640e-01,4.702442653731341848e-01,2.149125932548500428e-01,4.966192410771097521e-01,1.756045824434837310e-01,4.972387826366608254e-01,4.858884738105177514e-01,4.966060836836114212e-01
4.984182444143684387e-01,4.980083466966248040e-01,4.933224218173406506e-01,4.929613745935587654e-01,4.745632647448631003e-01,4.836222378635402497e-01,4.731628218314876122e-01,4.982393559191884425e-01,4.981846075683373232e-01,3.242266575403141005e-01,4.975577265065326271e-01,4.881303366608397143e-01,4.940831861292628302e-01,4.734532997412461142e-01,4.977432662181736078e-01,2.222507224968668926e-01,4.460278302568961850e-01,4.956262214020637491e-01,4.734164143525538826e-01,4.952796566140315049e-01,3.454825471973279605e-01,4.979428275650508162e-01,4.759207146150355450e-01,4.752922036324212507e-01,4.836280123178923196e-01,4.952622320115127597e-01,4.726428955479541894e-01,4.827504555965900224e-01,3.453991159950329237e-01,4.973282691378299591e-01,4.980898776899400082e-01,4.974007078951087069e-01,4.895029885129854041e-01,4.964870751885445688e-01,4.665979942235574662e-01,4.388112345113935331e-01,4.971354889417332057e-01,4.978392299758117590e-01,3.162012963527263132e-01,4.924792716731095643e-01,4.902825308000849369e-01,3.589744230454190999e-01,4.690320079828903532e-01,4.899294364735388152e-01,3.168656629961772442e-01,4.946960364762626461e-01,2.306119305803608632e-01,4.961426870616541529e-01,4.961766742141044961e-01,4.932151987606154808e-01
4.990107244205334580e-01,4.982507910358837111e-01,4.942395898547233268e-01,4.878095628762754710e-01,3.946683192077263813e-01,4.697867443077465843e-01,3.968935816182183607e-01,4.984043311132976828e-01,4.983148312881874875e-01,4.001631915868726908e-01,4.985046496428768292e-01,4.834370473868856433e-01,4.898610610116734265e-01,3.950339774403990312e-01,4.982300966984715695e-01,3.824305698532748932e-01,4.182760226356944666e-01,4.969162011456351724e-01,3.924747115239542450e-01,4.938467670120352815e-01,4.049896976513479019e-01,4.911543246740229240e-01,3.962803539028630362e-01,3.957306282706462564e-01,4.886348525961036748e-01,4.876660067349661287e-01,3.958851787734519734e-01,4.803987660913143776e-01,4.109518445520704555e-01,4.966502566582449707e-01,4.963971442089065711e-01,4.977765859247673674e-01,4.965099297334683581e-01,4.906005021945881173e-01,3.873963986461371189e-01,4.174770503906751196e-01,4.965308204512465795e-01,4.932532398767774384e-01,4.576788478984489816e-01,4.946059524265643548e-01,4.860189279681800811e-01,4.302554322059193859e-01,4.862998245693355703e-01,4.817975545056146225e-01,4.645742421827860347e-01,4.950293853925386012e-01,4.061627766615689139e-01,4.965721240657022806e-01,4.844798267216325893e-01,4.895368063483036547e-01
4.996117654055655666e-01,4.990800528765690913e-01,4.988242615940471913e-01,4.850446786454363779e-01,3.563470265160086914e-01,4.768068811636759219e-01,3.741307654613242883e-01,4.993975004934652073e-01,4.983244116140561619e-01,4.935829868362309747e-01,4.993744394810607501e-01,4.935293770719350048e-01,4.900468832767000960e-01,3.736128479287538218e-01,4.994633742358933204e-01,3.111023943468999020e-01,4.667668345910691574e-01,4.992756749058427923e-01,3.673939773627521999e-01,4.740933608640486296e-01,4.774298645333829860e-01,4.831576990534365290e-01,3.730882164732221562e-01,3.720166357471036411e-01,4.960644227155350250e-01,4.812307397273737908e-01,3.706589095899948116e-01,4.858530270975153220e-01,4.934598234458959509e-01,4.922585319821995431e-01,4.956377141005449127e-01,4.994695356805744502e-01,4.978230967197040946e-01,4.943523219507056088e-01,3.619138974156877464e-01,4.661554999490691853e-01,4.971426432004526497e-01,4.896146635467870656e-01,3.035485863977027132e-01,4.992251513409746155e-01,4.908385027204598683e-01,4.868676021281863608e-01,4.947610660565985863e-01,4.656460213790925562e-01,3.161520145736925747e-01,4.973550210838511565e-01,2.995460778248269507e-01,4.978472347758390870e-01,4.717425925042693091e-01,4.923329512701267729e-01
4.983252343175266219e-01,4.990238383283486789e-01,4.981852064970886396e-01,4.921658328851979958e-01,4.353775441021603410e-01,4.926831609866148542e-01,4.707888100222828998e-01,4.993636462112785446e-01,4.978485560710735336e-01,3.598562544627432747e-01,4.984651646817627735e-01,4.985452841614076425e-01,4.954604151877113338e-01,4.734949439809716942e-01,4.987156702728607338e-01,3.562819406848144466e-01,4.968691658803785494e-01,4.973406887410233845e-01,4.692961394358011185e-01,4.554788777442800862e-01,3.686507997991081975e-01,4.911345453568844444e-01,4.740244629685565481e-01,4.729091142194020159e-01,4.914218760821757459e-01,4.899546957661088942e-01,4.653433497324849788e-01,4.904450450613256907e-01,3.745320363278204501e-01,4.938822266762742941e-01,4.971026157123620282e-01,4.992362332285985582e-01,4.910877369854717567e-01,4.967804134272760241e-01,4.613190786179788283e-01,4.891444614872132446e-01,4.980931084334438430e-01,4.944130335687009770e-01,4.616141017972016369e-01,4.973401258248423829e-01,4.962583221135281608e-01,4.134816090301580149e-01,4.775212749365162490e-01,4.759568184384361800e-01,4.752909565404119241e-01,4.974762987450395690e-01,3.666498932252318932e-01,4.979263155725965340e-01,4.850529828553559186e-01,4.968214299987059879e-01
4.981004831173466152e-01,4.981588499116116897e-01,4.935904795472749740e-01,4.935165754373610492e-01,4.692423691460901880e-01,4.835469414443603342e-01,4.891862350720552755e-01,4.983550258245212361e-01,4.979692455278694196e-01,3.751267936533151381e-01,4.975755271068886265e-01,4.874551396705779083e-01,4.943682560968011286e-01,4.899407057951114530e-01,4.976409294711517939e-01,3.727220945887778081e-01,4.424377104662236548e-01,4.953772075197496183e-01,4.902646208674059092e-01,4.720718613902904481e-01,4.011822973906870038e-01,4.981203991166412992e-01,4.925050182195248039e-01,4.919282554856860279e-01,4.839188287139018496e-01,4.954523805955898808e-01,4.870175374500719245e-01,4.845119975592778738e-01,4.009196744148341707e-01,4.974148207406973721e-01,4.981060560901574563e-01,4.975370615400289687e-01,4.904862753056072333e-01,4.926920569508977943e-01,4.823212845289479023e-01,4.360195659626370235e-01,4.973089185373871790e-01,4.979584810555238716e-01,4.583047652730774524e-01,4.927173219082692235e-01,4.908130304991317194e-01,3.606479717995712542e-01,4.715462291331492528e-01,4.910603526610760605e-01,4.605629046645783875e-01,4.951075277344378356e-01,3.220313245535388336e-01,4.965421901688160111e-01,4.965709174537245030e-01,4.934839002935603736e-01
4.990672681515417319e-01,4.981206428901533423e-01,4.937258250632554080e-01,4.830559573540932905e-01,4.773085186877012442e-01,4.682688869896485251e-01,4.787012916821929420e-01,4.982580174355937808e-01,4.987173150588392612e-01,4.731567438851688179e-01,4.983136591356691625e-01,4.831601766515115637e-01,4.898028122323523914e-01,4.762940232420132536e-01,4.983528854799176289e-01,4.733349150072085343e-01,4.174362514601006602e-01,4.967544100241175209e-01,4.717103279917470027e-01,4.948058530136890676e-01,4.902104993391794285e-01,4.980877686992774001e-01,4.777136792529675380e-01,4.781676864704929031e-01,4.875753744045749349e-01,4.947276948954700271e-01,4.778917111050726141e-01,4.790944700860289007e-01,4.898117868259191376e-01,4.919117555729463076e-01,4.986642253496605393e-01,4.975680021341836734e-01,4.960553476079422874e-01,4.978232064906134569e-01,4.629219002805747829e-01,4.159961246885541253e-01,4.960300550762559157e-01,4.918193005603029855e-01,4.806563819881347066e-01,4.938754040482627450e-01,4.849604509050081114e-01,4.197338852647827800e-01,4.850325449614904527e-01,4.957119518218803256e-01,4.801462344448909625e-01,4.949492445308635857e-01,4.106335924869068399e-01,4.963792406905280230e-01,4.903346083713541748e-01,4.894060591835826535e-01
4.987453331249447896e-01,4.990965152701838936e-01,4.975530790180605623e-01,4.839927538178587785e-01,4.820812384168363107e-01,4.768158184292489166e-01,4.921883596902377755e-01,4.991897078014551625e-01,4.988709928558254791e-01,4.924896831976927625e-01,4.994090609367367595e-01,4.922460501299779634e-01,4.928116401512452893e-01,4.911316024021431526e-01,4.991579447095015887e-01,4.010548453765117038e-01,4.624229891342755416e-01,4.979299518532956936e-01,4.835359791212015534e-01,4.854882477466697099e-01,4.980072653859350384e-01,4.993827909164922918e-01,4.912370754575324794e-01,4.923991175818627219e-01,4.955742013720942363e-01,4.970728299585541743e-01,4.882329202087051789e-01,4.868391763728483479e-01,4.974004632556064953e-01,4.903458051306015530e-01,4.995494121127053155e-01,4.990318961368997441e-01,4.991768483706768289e-01,4.958647358943164551e-01,4.737451198254243878e-01,4.623255026906915033e-01,4.970692844087157836e-01,4.890679784049053458e-01,3.991382835302135779e-01,4.980062378947531232e-01,4.898291626591068093e-01,4.804699445750623688e-01,4.952901134947376161e-01,4.989840271374729741e-01,4.007939858948041945e-01,4.975100239523515544e-01,3.836093915041892677e-01,4.982584880690403284e-01,4.889541753460218687e-01,4.929808130834618662e-01
4.988396132373505987e-01,4.998341622552543440e-01,4.996440241215853728e-01,4.952114397481618413e-01,4.591120955771869627e-01,4.935801855771068669e-01,4.759645684651200304e-01,4.998603313535883719e-01,4.990601398612786177e-01,4.955238258317841704e-01,4.998369194156954687e-01,4.988144141468843218e-01,4.982978876389058676e-01,4.764954775756912730e-01,4.994493774546492348e-01,3.980031622852404638e-01,4.953963504695573228e-01,4.986875868605591955e-01,4.737966121574507805e-01,4.783237259385062501e-01,4.982023475526974332e-01,4.994401413050092442e-01,4.766265574711654462e-01,4.770153581251691532e-01,4.989146782582319917e-01,4.984227910073441570e-01,4.719285153943705291e-01,4.971590830459937105e-01,4.985022398657990017e-01,4.968546154807034765e-01,4.997835752539257492e-01,4.998673467131544146e-01,4.998147562937085842e-01,4.927531328987542758e-01,4.644862406135338850e-01,4.952714841742252849e-01,4.991445456867438790e-01,4.953616369525942198e-01,3.961525369183196421e-01,4.998065933824936691e-01,4.972910410729595165e-01,4.971274160048587687e-01,4.989103987799992090e-01,4.985878348014489703e-01,3.991421814481824204e-01,4.993229816589661585e-01,3.846523670681482598e-01,4.997255296951067516e-01,4.951486927347527045e-01,4.980940834634300374e-01
4.998745428543860392e-01,4.999930417880030786e-01,4.999882220764623186e-01,4.996973696381813435e-01,4.892830131494597667e-01,4.996497081488865399e-01,4.925836095542507898e-01,4.999958570035152317e-01,4.997926573869960754e-01,4.978710486165117688e-01,4.999713773324930277e-01,4.999047218437606133e-01,4.999245852022566328e-01,4.927356190803729996e-01,4.999253287268871637e-01,4.920728870809308875e-01,4.999503870111935422e-01,4.998568028846702149e-01,4.926553739536815302e-01,4.960948523457612280e-01,4.979750506440627777e-01,4.996608812627154617e-01,4.927752370388887582e-01,4.927266593490391422e-01,4.996605920017383462e-01,4.994759683592538968e-01,4.914549667686329282e-01,4.999304598742259631e-01,4.982551523191914855e-01,4.999031754647282333e-01,4.999139547476354473e-01,4.999971499070810510e-01,4.999723453557178843e-01,4.990886412538672601e-01,4.830626082869124427e-01,4.999444821956384177e-01,4.999159185779642467e-01,4.997428933724471500e-01,4.940459945204364045e-01,4.999933118793341014e-01,4.998099602982838952e-01,4.997998163815554618e-01,4.999226596860998351e-01,4.992478787317318756e-01,4.951561717421787967e-01,4.998019756240047462e-01,4.916183411253933211e-01,4.999903792901462807e-01,4.994021009728986660e-01,4.998221818435754638e-01
4.998122148767823458e-01,4.999785916102459371e-01,4.999853545396151788e-01,4.996817056108787125e-01,4.744650169854996991e-01,4.996297847981240325e-01,4.806158889715765326e-01,4.999952811474252523e-01,4.996387935163265626e-01,4.902212341473617951e-01,4.999310695371835256e-01,4.999056938138051742e-01,4.997743654317506889e-01,4.808531104957884939e-01,4.998463297889289003e-01,4.889206918647633904e-01,4.998854605292448183e-01,4.997841144816123626e-01,4.809025883266294099e-01,4.927564602113085335e-01,4.893131780696205468e-01,4.983022286724925753e-01,4.809333419633448625e-01,4.806476084808583571e-01,4.994666243319635934e-01,4.980362273718488830e-01,4.791458935569818944e-01,4.998396783150475531e-01,4.909769566890158643e-01,4.999686576463583387e-01,4.995679682855981851e-01,4.999958353594201599e-01,4.997984631155285018e-01,4.987130039518189450e-01,4.713262717210871533e-01,4.998079484851635224e-01,4.999121072927425469e-01,4.997961930285831356e-01,4.963135446234421266e-01,4.999869465118682577e-01,4.998043087404488993e-01,4.991944270874489886e-01,4.996645957337058630e-01,4.963482179211793355e-01,4.992891045225184010e-01,4.997070123444679046e-01,4.922602931099780421e-01,4.999367260275209834e-01,4.979830296536097989e-01,4.997006694738008181e-01
4.995849893599386693e-01,4.997188932276420692e-01,4.997843914338122029e-01,4.985113004523365476e-01,3.706370805381661304e-01,4.982812077862257549e-01,3.994955245156315282e-01,4.998941417749879768e-01,4.985854953229591491e-01,4.568307174337253862e-01,4.994717352600765992e-01,4.995750933554848894e-01,4.977584458466726702e-01,4.003189881528796401e-01,4.993655722241161499e-01,4.575666829138313463e-01,4.982258875044961455e-01,4.994071527638146435e-01,4.003184158740037968e-01,4.615812946524242566e-01,4.482676244744132621e-01,4.869070180477806931e-01,4.005054393577071603e-01,3.987456038195084651e-01,4.972177919021225634e-01,4.861938662365227759e-01,3.967747230440104023e-01,4.972095565256994809e-01,4.605286636228637653e-01,4.996522114980563867e-01,4.960118417050867201e-01,4.998937044513687700e-01,4.970036743775272936e-01,4.979643442387945429e-01,3.922022130849393551e-01,4.962213397202741572e-01,4.996559892645337508e-01,4.996392364322245760e-01,4.829683579895450163e-01,4.996281845416693512e-01,4.992959469801312999e-01,4.805614902416954770e-01,4.935823051098542358e-01,4.715857897822853806e-01,4.995790282108922842e-01,4.987743801737962723e-01,4.473381359429007276e-01,4.992194897142441246e-01,4.854607495978856546e-01,4.984374297768696116e-01
4.994667317142352236e-01,4.990265311401443360e-01,4.979945685083617679e-01,4.965221666250154708e-01,3.919901242584335477e-01,4.934464879154816797e-01,4.234836059196387947e-01,4.993697213662837142e-01,4.980489531127837433e-01,4.732802311061818368e-01,4.984924021527354365e-01,4.955347776407568183e-01,4.949299184951119757e-01,4.251590356026745954e-01,4.988931787421435060e-01,4.415104364799281589e-01,4.800145944899655293e-01,4.984787170329790240e-01,4.244527355664043378e-01,4.599607558102356553e-01,4.707815032264606736e-01,4.818046386302972106e-01,4.257028677954329821e-01,4.232083605260165138e-01,4.913573963516399412e-01,4.808531761476937949e-01,4.214328262705989148e-01,4.910590191285253980e-01,4.880380904295111288e-01,4.983938646832566377e-01,4.921387214349544070e-01,4.991799026026180752e-01,4.916184725079462692e-01,4.978547823828359253e-01,4.169331358770467233e-01,4.737106390173610460e-01,4.987456967055228785e-01,4.993852425851733612e-01,4.368604428836220799e-01,4.972528631632480156e-01,4.971893996120023695e-01,4.117969727509940836e-01,4.783477769043327221e-01,4.585572176047966741e-01,4.559163469780705968e-01,4.973273880963160476e-01,3.503603701519549807e-01,4.978984517907679708e-01,4.798064815410223449e-01,4.966014823338650297e-01
4.986183222391933900e-01,4.982549219757576586e-01,4.940528587644565373e-01,4.889713171183432405e-01,4.702438390102405275e-01,4.805525262917085816e-01,4.760990718576890712e-01,4.984642321351138161e-01,4.981077622683451889e-01,4.573923133941688035e-01,4.976507253417810084e-01,4.853657366506024529e-01,4.927362733113848647e-01,4.767093128715466088e-01,4.979927018056543031e-01,1.932626391213454753e-01,4.305335201007395307e-01,4.960953722366102103e-01,4.764591534560365660e-01,4.879922861141880452e-01,4.831172615079329380e-01,4.940097101448794881e-01,4.786456199627724950e-01,4.778696355435548826e-01,4.845105042230385406e-01,4.917295436366559414e-01,4.742220291647259445e-01,4.849722577123422029e-01,4.866136083362297415e-01,4.932292959027742563e-01,4.941916866472690351e-01,4.977346115716302921e-01,4.919973624800542122e-01,4.962932192875381676e-01,4.644600422801885564e-01,4.255925018737236609e-01,4.972910981124646357e-01,4.979961377416877721e-01,1.944958273833498064e-01,4.931681587834479963e-01,4.907012101678470684e-01,3.630131429751833338e-01,4.759200590363062977e-01,4.845131375642605098e-01,1.970040224273853502e-01,4.956034278240979418e-01,1.432232438131021413e-01,4.968020099829174585e-01,4.921043284334640222e-01,4.929532012414594710e-01
4.988573102446688390e-01,4.981484274745153762e-01,4.933234755722346598e-01,4.767817441096744435e-01,4.078633743134785772e-01,4.692051607428868176e-01,4.173616057117653932e-01,4.982424130160764131e-01,4.982977693142849329e-01,4.701331515301863107e-01,4.980962891690600691e-01,4.834423644921828633e-01,4.897203208814321362e-01,4.150618048456022890e-01,4.979632371463917906e-01,2.715183235957113750e-01,4.175806779496947785e-01,4.963231143845043269e-01,4.124633105180222636e-01,4.832527806632347933e-01,4.895962741971007781e-01,4.963130794344508545e-01,4.165662155113928344e-01,4.165323358376556429e-01,4.862753235295081411e-01,4.926754541331050952e-01,4.148113834645921205e-01,4.803810372165331355e-01,4.906719814488949005e-01,4.858240934602295336e-01,4.984699164086140999e-01,4.974357522472176996e-01,4.974419164997549436e-01,4.964373771649708833e-01,3.975642899049526280e-01,4.175921104738422596e-01,4.960877581189759300e-01,4.928934192767884248e-01,2.724703865179170514e-01,4.933539624543863966e-01,4.845568884702515788e-01,4.298241384496974682e-01,4.907134629686698002e-01,4.936412010107321113e-01,2.742827976277416036e-01,4.946793056003842004e-01,2.359404251499878646e-01,4.963618767640911034e-01,4.894127550392513015e-01,4.889076400475194650e-01
4.995031995522659640e-01,4.988178342057636994e-01,4.978543867961989222e-01,4.823457573619944760e-01,3.751484363594844718e-01,4.770800947484256649e-01,4.235379118885277405e-01,4.991245554252713434e-01,4.982958620065409128e-01,4.770202623021136401e-01,4.991360819923301162e-01,4.955092009826638222e-01,4.901160425787430830e-01,4.224582328873071058e-01,4.991238101701163110e-01,4.563663398338752564e-01,4.776582779128640821e-01,4.988289791734903389e-01,4.146529449695371961e-01,4.414667962845732485e-01,4.618347066093157482e-01,4.832506134656645025e-01,4.221257722307247828e-01,4.208475935509978783e-01,4.947552280156061189e-01,4.808897331872887260e-01,4.210119578705481813e-01,4.830436500137454958e-01,4.772308493446839606e-01,4.904192724049294960e-01,4.965629809041349207e-01,4.990399725959845378e-01,4.964228558981050310e-01,4.853996291235847527e-01,4.066149115692919147e-01,4.759878840838755454e-01,4.966312367533602945e-01,4.884170286493205726e-01,4.647942683300863020e-01,4.982742429044352828e-01,4.891890583970658346e-01,4.867550414460046215e-01,4.903373894773965236e-01,4.647589292169694852e-01,4.820848378432966430e-01,4.963552021871788233e-01,4.247647569198992890e-01,4.972422695461843345e-01,4.709359178177857652e-01,4.914416306613988428e-01
4.983725640292797077e-01,4.991370412381838650e-01,4.990901979084096385e-01,4.970001670403453864e-01,4.200089462951886454e-01,4.900560951350946826e-01,4.917412344659249368e-01,4.995178806514861680e-01,4.978280664693653379e-01,4.174579219647134298e-01,4.988361015397101972e-01,4.973406100176382960e-01,4.944804399824839769e-01,4.949595452652457706e-01,4.989715776700219818e-01,1.990226139076803347e-01,4.912622394261408898e-01,4.978470384907438540e-01,4.890846023927860053e-01,4.236531542897873370e-01,4.124697906399523162e-01,4.834034453907366524e-01,4.949383845786065605e-01,4.932481070476237850e-01,4.938672537590446110e-01,4.823828637102700601e-01,4.883429909335126884e-01,4.909988919482629610e-01,4.262834265212276375e-01,4.988096609579161789e-01,4.915982733524077442e-01,4.995777754599625697e-01,4.920468279501341580e-01,4.836136286020251696e-01,4.849426549772136164e-01,4.844975548811068511e-01,4.982297091839006375e-01,4.932297273546812910e-01,2.236184513307499233e-01,4.986070211241178662e-01,4.968575111977804326e-01,4.173282358536135050e-01,4.775153118401775920e-01,4.612717987875382675e-01,2.329157256896582651e-01,4.980124204772198859e-01,1.676458531425974730e-01,4.983490826817602581e-01,4.762586273611294496e-01,4.965989054450961060e-01
4.979386411215954156e-01,4.984895088453239476e-01,4.945479397083635820e-01,4.877731122887384307e-01,4.324651419249245787e-01,4.814871042845255689e-01,4.706054264356889227e-01,4.986527896036762608e-01,4.977644101657055509e-01,4.569141777199387522e-01,4.977830183988856683e-01,4.850490076248745175e-01,4.935230417800514080e-01,4.719645314790892332e-01,4.978295774843434773e-01,3.805549725685767881e-01,4.290378748409769960e-01,4.955583492139079560e-01,4.724476338625003824e-01,4.524234009654764521e-01,4.842740278245342145e-01,4.948136361709077335e-01,4.739673594998219386e-01,4.734778771690691945e-01,4.853196768604788880e-01,4.925198404213092518e-01,4.668365380990039948e-01,4.882294160268790817e-01,4.869887028990367850e-01,4.910568908873563787e-01,4.920246711217418634e-01,4.979807557999708090e-01,4.936479040423809583e-01,4.958026401791321702e-01,4.570530399284180034e-01,4.252616290977512814e-01,4.976647399011862039e-01,4.980808304501191941e-01,3.845897513861543104e-01,4.936935795350576028e-01,4.918403242770308936e-01,3.663880909492287508e-01,4.805169411327581130e-01,4.872672865285930244e-01,3.903646871085711401e-01,4.962870376315675069e-01,2.663947985333335322e-01,4.974471121076902147e-01,4.933365234961409329e-01,4.936385898985709009e-01
4.989325246883742349e-01,4.980815608606931622e-01,4.930773039955544945e-01,4.749431315839918732e-01,4.579485134762209531e-01,4.685444623140933573e-01,4.660122694772333429e-01,4.981649721047909929e-01,4.985583707190137659e-01,4.204263248816671461e-01,4.979975335423089677e-01,4.836747986226659357e-01,4.891424999092970349e-01,4.634871784889413315e-01,4.980860738451275416e-01,4.386874506691847420e-01,4.190679182079988796e-01,4.962832638768014948e-01,4.595323222013409925e-01,4.869167114188563961e-01,4.415094615572470182e-01,4.985853772620046920e-01,4.649818202405339718e-01,4.654921896538858350e-01,4.855739315498923125e-01,4.951615509971342144e-01,4.639350133646835128e-01,4.796447421180699555e-01,4.400674766206061350e-01,4.839888921560922541e-01,4.965244709997138628e-01,4.973330032704529335e-01,4.972881558072325126e-01,4.862162446640873048e-01,4.423245991141548927e-01,4.188545992358075898e-01,4.957596548692147498e-01,4.920193733839646200e-01,4.949001247224789624e-01,4.929434093565756569e-01,4.839900912704439562e-01,4.233202060794873933e-01,4.903682075321353362e-01,4.984582075458993677e-01,4.947514129217027712e-01,4.947456968601376404e-01,4.220586745312959187e-01,4.963040233866636841e-01,4.910004956819449817e-01,4.886803270857330572e-01
4.986509662902535167e-01,4.987775071142533934e-01,4.965985229303945814e-01,4.844016300338077619e-01,4.875994288056311188e-01,4.758082349823488655e-01,4.874827389234778208e-01,4.988959897519955611e-01,4.989871669124951725e-01,3.759168810564674779e-01,4.991533784506955729e-01,4.935404865594219537e-01,4.917407133275010778e-01,4.860443457289509439e-01,4.989494593645071863e-01,3.752956583315856243e-01,4.695822790235698041e-01,4.974612199115281963e-01,4.773698214625177738e-01,4.978189299819434366e-01,3.803452185687269393e-01,4.989656194855409121e-01,4.861981277848377858e-01,4.873393195627124808e-01,4.935115201085577552e-01,4.964585571691374488e-01,4.856700357741647878e-01,4.847525154985203311e-01,3.798474006148179760e-01,4.917145161208171245e-01,4.993000883066091578e-01,4.986072945822095925e-01,4.989033700837097740e-01,4.762643287426480132e-01,4.693274012456985500e-01,4.696493622567964321e-01,4.963855299350633521e-01,4.875794455573368436e-01,4.915502209638233921e-01,4.969423577018429738e-01,4.880415625780044619e-01,4.809269608547389052e-01,4.946476508016485751e-01,4.984305181287240760e-01,4.913767336595591395e-01,4.966734396136076035e-01,4.819068967527972425e-01,4.976029990422274896e-01,4.871884441377458685e-01,4.917901861334955660e-01
4.984539336982765079e-01,4.996649994923872962e-01,4.993360566430404268e-01,4.967403789655465141e-01,4.574741322844612657e-01,4.917756293307607440e-01,4.572449209793104097e-01,4.997269858108680518e-01,4.990158671444228089e-01,4.583945060480816847e-01,4.998132568239695428e-01,4.989748188844181920e-01,4.976797889105143424e-01,4.578842049208464160e-01,4.993230598070879100e-01,4.250813532999107580e-01,4.971879728461480741e-01,4.981879371834338488e-01,4.541393994088768760e-01,4.970358760718866509e-01,4.603638752109206478e-01,4.998033550870742969e-01,4.580120005557695717e-01,4.586101745217909809e-01,4.982752194383622824e-01,4.985700157557372836e-01,4.542547899456431115e-01,4.960612061080058588e-01,4.601616637446766522e-01,4.988659162689618176e-01,4.998530134005337855e-01,4.997246850487918612e-01,4.997142814539419775e-01,4.891496747806105549e-01,4.470688849645637064e-01,4.970800061745828113e-01,4.987493100798152112e-01,4.935378973877910247e-01,4.596888388217532651e-01,4.995506362482594609e-01,4.963563367756410605e-01,4.964996800048068759e-01,4.981431192822456389e-01,4.993046069315238422e-01,4.615024754017179598e-01,4.989830336631109753e-01,4.613149331090366512e-01,4.994379406656876408e-01,4.939431150284070426e-01,4.974825791042148948e-01
4.996315759184883909e-01,4.999737941108685080e-01,4.999554252903377627e-01,4.996629686237840651e-01,4.768479170136707967e-01,4.991644140477818903e-01,4.770161327495933690e-01,4.999840212906632719e-01,4.996061529818379698e-01,4.978974858323995667e-01,4.999549381977292928e-01,4.998427001582445017e-01,4.998242039640802270e-01,4.773404947202196102e-01,4.998087084973832916e-01,4.726131973429201771e-01,4.999428507072913308e-01,4.995894120845956188e-01,4.771000704443185692e-01,4.988290218945398702e-01,4.983431853801166822e-01,4.995524337464973819e-01,4.774504799918841691e-01,4.774162413957185880e-01,4.994673835272918638e-01,4.992025523475440707e-01,4.752691715344684598e-01,4.997782394118958638e-01,4.987451807909625279e-01,4.999845920967812551e-01,4.999484762493038859e-01,4.999872628160924592e-01,4.998976864425161426e-01,4.990142782881423766e-01,4.666781795694668333e-01,4.998918447667637932e-01,4.998595552411916887e-01,4.992399009405833477e-01,4.733452312886958224e-01,4.999829315730898727e-01,4.996239999482783301e-01,4.995517114232489453e-01,4.997376389607010028e-01,4.989101810157578476e-01,4.748850829756023351e-01,4.997122510877826107e-01,4.746844775435327124e-01,4.999567328613802597e-01,4.988407002827092707e-01,4.996555508605706741e-01
4.999445782975777686e-01,4.999932089315538009e-01,4.999948433777594570e-01,4.997908596357073518e-01,4.946183422597923429e-01,4.998346698408249189e-01,4.950164494777388180e-01,4.999973377662422780e-01,4.998128489183863987e-01,4.997404913604223120e-01,4.999739059004688069e-01,4.999094762535524206e-01,4.999369732681158696e-01,4.951491253906579182e-01,4.999542422470829028e-01,4.948345447505613226e-01,4.999685344013493626e-01,4.999297194809197431e-01,4.951550205272420291e-01,4.996051377540536298e-01,4.996224254695661449e-01,4.996682762306737802e-01,4.951809632535192351e-01,4.951033412035632519e-01,4.996331123206229075e-01,4.995048996849375533e-01,4.939217871733928011e-01,4.999204119101223753e-01,4.999060663840582674e-01,4.999934515021396964e-01,4.999689879603718690e-01,4.999985675053987277e-01,4.999145950979306807e-01,4.999157327887390756e-01,4.839906836095113629e-01,4.999146747852648009e-01,4.999298554982077314e-01,4.999316292270950535e-01,4.949554287432501587e-01,4.999924976220973538e-01,4.998870344471229576e-01,4.997465459069950766e-01,4.998018143421529835e-01,4.992227452186352443e-01,4.959471822824816356e-01,4.997915911780426712e-01,4.954836710607712913e-01,4.999805552365144123e-01,4.995609026304065337e-01,4.998546339509457592e-01
4.996755203197948414e-01,4.998305067475742325e-01,4.999040984687967981e-01,4.986086063236262467e-01,4.294902916323039554e-01,4.984737305163835508e-01,4.367067225233842165e-01,4.999473726913810645e-01,4.988070798793061145e-01,4.948398666302668558e-01,4.996178338236519911e-01,4.993794379296347952e-01,4.986414764568077307e-01,4.373688040532644483e-01,4.994917623021378206e-01,4.885165791843448235e-01,4.973508116318526295e-01,4.995752835051758822e-01,4.374044799325170207e-01,4.889384573525438760e-01,4.894106976435675938e-01,4.910631932878183892e-01,4.376019931215697767e-01,4.361976223305821798e-01,4.981432032257174236e-01,4.903639514018598988e-01,4.332276282015793401e-01,4.976392486356229772e-01,4.986318495911221116e-01,4.995593901190079622e-01,4.987340182073666250e-01,4.999515639565102476e-01,4.974681900067112195e-01,4.992104636571936260e-01,4.270036867546971315e-01,4.954843401209899079e-01,4.997775669556176470e-01,4.997234448980196753e-01,4.791154000815515679e-01,4.998335132734695874e-01,4.994463679274595003e-01,4.849918218983568785e-01,4.940148815447183983e-01,4.799378967485957159e-01,4.917346868328816845e-01,4.990314179215510904e-01,4.707317582180397531e-01,4.994667774023105467e-01,4.899522807600254493e-01,4.988841398931726512e-01
4.996173184579012494e-01,4.992651622816666190e-01,4.987315612925438124e-01,4.930311714672109269e-01,4.047810051113766017e-01,4.922626208961836669e-01,4.483530377260089295e-01,4.995777689577162728e-01,4.978675934976681261e-01,4.450990592145031566e-01,4.986876601170751599e-01,4.942437262914176621e-01,4.951832636536721011e-01,4.499718247734525445e-01,4.989981182866536913e-01,4.493711916677893825e-01,4.726063693334515148e-01,4.989857659861746120e-01,4.493371637741610525e-01,4.480895723028546218e-01,4.372001881266137646e-01,4.789507585987265448e-01,4.503781979399498758e-01,4.474256940726681342e-01,4.934948637831629292e-01,4.779593346357332573e-01,4.443691209753179439e-01,4.928292710200931626e-01,4.562948451080806045e-01,4.948681865061613783e-01,4.940468103900080843e-01,4.994899953119885105e-01,4.933179180982987799e-01,4.973564124371696593e-01,4.361453747333001729e-01,4.677586983782637819e-01,4.990913033889239347e-01,4.995735713407127299e-01,4.708388768219676779e-01,4.982382521990623148e-01,4.977760258245111369e-01,4.209437184102896579e-01,4.819529866331568324e-01,4.540789747982893476e-01,4.962326405825205899e-01,4.978403193307354702e-01,3.807366042228648162e-01,4.984468240790782545e-01,4.770182232442631842e-01,4.967704549732984143e-01
4.988532334382259070e-01,4.985116124030556373e-01,4.950314001456714852e-01,4.811686746099935741e-01,3.726362364980363440e-01,4.792450938080803913e-01,4.804918325401691948e-01,4.987336875484274512e-01,4.978618994630543138e-01,3.344056203631667334e-01,4.977721220359850873e-01,4.842385607856662388e-01,4.913268412815506303e-01,4.813599778569160326e-01,4.982375864202995275e-01,3.406456407167582912e-01,4.229088440362097634e-01,4.967340392765921542e-01,4.809720403069099315e-01,3.847464262743950369e-01,3.447604159013048508e-01,4.861802273291986887e-01,4.826994253745069963e-01,4.813107546951929661e-01,4.861704042552345562e-01,4.842844293627652785e-01,4.776518316833377464e-01,4.875630777285288042e-01,3.527758109477295845e-01,4.852841372376107687e-01,4.889753502640677985e-01,4.981632606501231741e-01,4.945733371860316363e-01,4.841873734936612550e-01,4.595943325709671012e-01,4.200975640108791098e-01,4.975913818850380421e-01,4.982052509959392084e-01,4.681532283789550664e-01,4.942357946727765627e-01,4.914625769128107557e-01,3.700721033452875619e-01,4.839568528308324513e-01,4.713128620014943593e-01,4.827672880693403279e-01,4.964943984634248020e-01,2.822719515798525203e-01,4.974967001906233088e-01,4.841516568741611737e-01,4.926894310723028414e-01
4.987693307940445631e-01,4.981903955616284185e-01,4.929004341484243823e-01,4.776256025806555061e-01,3.308348917045511595e-01,4.706225841379794161e-01,4.398543547692013722e-01,4.982069464460312513e-01,4.982577112764013383e-01,3.900237892636611581e-01,4.978944560647113327e-01,4.852959312104319634e-01,4.887910085512212621e-01,4.375263413306486049e-01,4.978938849365422414e-01,2.097685145337740975e-01,4.264272222188629224e-01,4.959718563132103353e-01,4.346602120790401536e-01,3.718597512285609086e-01,4.128016196839561780e-01,4.982883829444602619e-01,4.390589478751277253e-01,4.395827444269127526e-01,4.846929507650431512e-01,4.947791230598818646e-01,4.361337629969835872e-01,4.800242475508765816e-01,4.114581160280383343e-01,4.868312581671086492e-01,4.911192054526712369e-01,4.973019807295517292e-01,4.977294407913102625e-01,4.677201597920534470e-01,4.191795454241596386e-01,4.266781488776348330e-01,4.958206520894828939e-01,4.927097296971969520e-01,2.505055686715238483e-01,4.926075173128161011e-01,4.837458142588424992e-01,4.298965753624201525e-01,4.935688971083538323e-01,4.984348594121750797e-01,2.515687377506880540e-01,4.948259005922681086e-01,1.672945684223151319e-01,4.964562993809177316e-01,4.912872902763679717e-01,4.883815037448620555e-01
4.993384569226468894e-01,4.986144431208829331e-01,4.966653197132644415e-01,4.891793413669389134e-01,4.132246790884623322e-01,4.773112884869528116e-01,4.630348149075838027e-01,4.988295481623092886e-01,4.983347161361245115e-01,4.862492862260393567e-01,4.988183521839064660e-01,4.972818632255009974e-01,4.905020667508501186e-01,4.612365559663026970e-01,4.987346495065584917e-01,2.535766951492205434e-01,4.879029420382601234e-01,4.981696162994692645e-01,4.521001128786313883e-01,4.423729018397798418e-01,4.823723598539282342e-01,4.884992812662086181e-01,4.613280288226677128e-01,4.603498705359934107e-01,4.925651054434074250e-01,4.856325565182271209e-01,4.586831162365490044e-01,4.807833765353040634e-01,4.928278585036644510e-01,4.981356716972908938e-01,4.978381181115105747e-01,4.985170433138368384e-01,4.955299522942884782e-01,4.828042171266749838e-01,4.499935360292321995e-01,4.855850759871302436e-01,4.960118085776708541e-01,4.873203897004860785e-01,2.493894652930126743e-01,4.968872759915537451e-01,4.872841638074110193e-01,4.864971436798742332e-01,4.866715797970574409e-01,4.745731623748078443e-01,2.565283334213916966e-01,4.954114860079138483e-01,2.279318580135630268e-01,4.966723851831402747e-01,4.752416215203711380e-01,4.907478623937612805e-01
4.983690785474334528e-01,4.990955381909357169e-01,4.994982071561401282e-01,4.925359770510378543e-01,4.946087235628200962e-01,4.867369984256451065e-01,4.936457459249363744e-01,4.995280375475365520e-01,4.978049242068758873e-01,3.918064455248834732e-01,4.989190723630301250e-01,4.955612618403613112e-01,4.942985792535470324e-01,4.966055868027319242e-01,4.989941466136289527e-01,3.867913928274024360e-01,4.822441894653212713e-01,4.981181888107912292e-01,4.895911121985429548e-01,4.983316108913091735e-01,3.780515928629388789e-01,4.780468800641320959e-01,4.963192347799606496e-01,4.938849829471579356e-01,4.954385809804813801e-01,4.769242880531332496e-01,4.903763674254686955e-01,4.926310175509129308e-01,3.952627755205572746e-01,4.945930047919547268e-01,4.974424117100757492e-01,4.996892087159629514e-01,4.941533673466076970e-01,4.972845880990781620e-01,4.804121813066171698e-01,4.776292778769368752e-01,4.981799190891557094e-01,4.918965386057707612e-01,4.696887565491300598e-01,4.993273790592006600e-01,4.968615171018977428e-01,4.229614267971465447e-01,4.809955338337652542e-01,4.525025476981033856e-01,4.944174609112295116e-01,4.979699079393001271e-01,4.235030750161363211e-01,4.984207644345399757e-01,4.697372581184292573e-01,4.963101710942685041e-01
4.977946970047696928e-01,4.987606137945986839e-01,4.957351694173507406e-01,4.825178149331756372e-01,4.009307812154194184e-01,4.808491531552012144e-01,4.399831302627931762e-01,4.989671533208173693e-01,4.975271296274819677e-01,4.065356684829203870e-01,4.980170709949000019e-01,4.841174073397156441e-01,4.924706882673201558e-01,4.418735253892702164e-01,4.980751243261917760e-01,1.710663822698695602e-01,4.225722425034284524e-01,4.959033063897733684e-01,4.423520403256855360e-01,4.514718911901908771e-01,4.191845491397342416e-01,4.874642221009090615e-01,4.431714275083070143e-01,4.423651344078333714e-01,4.875354612242814301e-01,4.856191364307901881e-01,4.365587990259972018e-01,4.919374089082642620e-01,4.277573076831392984e-01,4.852196180199887521e-01,4.904909977398163590e-01,4.985143322495900753e-01,4.966495111276938434e-01,4.753478790329801473e-01,4.210431394624565282e-01,4.210804076740268798e-01,4.981309450330292932e-01,4.980602472759455002e-01,1.917252502366095512e-01,4.950824401690283594e-01,4.931832226746792891e-01,3.750277928385473691e-01,4.902449494461024737e-01,4.751244055778356956e-01,1.974413042784662065e-01,4.974381804250965211e-01,1.372476756529175945e-01,4.983162521883486851e-01,4.859780891618861176e-01,4.937355868680499693e-01
4.988037010012129624e-01,4.981956962660054611e-01,4.928617641252197035e-01,4.807577981028952618e-01,3.460886305426157938e-01,4.710469386641247813e-01,4.518898473253633585e-01,4.982044376347380954e-01,4.982843799582656330e-01,4.689097960261022768e-01,4.978311684170301787e-01,4.860709060910250456e-01,4.881540366837789358e-01,4.496424335966015540e-01,4.979495860269256835e-01,2.968747443715524237e-01,4.304332393058371009e-01,4.959699806177821912e-01,4.462798287128589281e-01,3.792545945747839986e-01,4.964045158968391491e-01,4.975382462392995420e-01,4.510629770428660756e-01,4.517188873417218864e-01,4.843668161585470422e-01,4.941993241052028418e-01,4.484727712296697200e-01,4.798022541308813449e-01,4.953096508254467012e-01,4.900253264735331404e-01,4.888855506853651556e-01,4.972952287812543726e-01,4.977334620084532535e-01,4.686288999345388229e-01,4.333991211520963338e-01,4.306601199052976781e-01,4.956999100848296091e-01,4.924475311321105941e-01,2.961177797842955428e-01,4.924716519085892696e-01,4.835607371048602499e-01,4.288532299363435052e-01,4.940411892012424033e-01,4.971309928230723818e-01,2.974062762904781110e-01,4.949710366114873361e-01,2.011468459003795672e-01,4.965252858289007643e-01,4.903304245942458062e-01,4.881540533553561101e-01
4.985966777448683773e-01,4.985376380306874577e-01,4.956186675441525136e-01,4.894251439421501426e-01,3.750334162378634040e-01,4.756563810846999307e-01,4.812660227766137333e-01,4.986199482259309756e-01,4.990181804334014037e-01,4.850074844310158784e-01,4.988241677753484371e-01,4.954020634423222380e-01,4.907510161383608072e-01,4.794538378195626338e-01,4.986883704726094435e-01,4.893184063804045247e-01,4.798372623809197268e-01,4.969815283466739175e-01,4.699377349787252633e-01,3.877832321663857162e-01,4.948283506048119507e-01,4.989954983915632636e-01,4.797299650788000580e-01,4.808413612790253255e-01,4.911497225830444568e-01,4.962716690256171459e-01,4.795421468418566424e-01,4.827142362672250386e-01,4.936716625298889771e-01,4.976895433892966625e-01,4.943722649808629521e-01,4.981618857385454180e-01,4.984035699724345125e-01,4.882542057807694458e-01,4.677669529885428168e-01,4.798637346642845025e-01,4.957090732271686173e-01,4.863888487909000524e-01,4.931514022478211134e-01,4.957192873989714199e-01,4.862849563621975957e-01,4.819255721260929382e-01,4.933108668136011454e-01,4.986237273724077879e-01,4.924797331782465593e-01,4.958500466505155746e-01,3.780815202588827528e-01,4.969942484762177592e-01,4.860587132031843338e-01,4.906980562488515996e-01
4.980792527598495445e-01,4.994376866526709091e-01,4.988785196238723074e-01,4.970645974132727463e-01,3.907339812716257854e-01,4.898267536385519927e-01,4.314333875546548236e-01,4.995346478980701166e-01,4.990625691610494630e-01,4.954064876771138159e-01,4.997148281143493631e-01,4.991001462228089602e-01,4.970283167806022195e-01,4.321122225936662731e-01,4.991696317269311289e-01,4.955407819502709588e-01,4.989143900971839130e-01,4.976401509668893497e-01,4.273643485396468322e-01,4.509939604122703560e-01,4.965882341213598283e-01,4.997131630332817265e-01,4.322311204234466353e-01,4.328987273798577395e-01,4.972906220579198511e-01,4.983005792582361759e-01,4.298236147025536469e-01,4.949018396728265268e-01,4.961840753150599248e-01,4.996764334682218256e-01,4.988851159932224388e-01,4.994993677860171677e-01,4.995494621575412020e-01,4.975355809311682309e-01,4.216200370247363827e-01,4.988343586141760766e-01,4.982609404215602167e-01,4.916171054987445443e-01,4.975359714784338139e-01,4.990997424537526039e-01,4.953292894515171629e-01,4.958855261721558660e-01,4.971550683859574105e-01,4.991409406337364851e-01,4.977670650453212553e-01,4.984740731019369764e-01,4.501788377009546260e-01,4.990087346110951283e-01,4.922315357445987694e-01,4.968153854509120282e-01
4.992724309895578694e-01,4.999234822890631924e-01,4.998806276917481251e-01,4.995235447577399679e-01,4.454983003854129375e-01,4.984508939232550895e-01,4.517092771576224908e-01,4.999517695673356688e-01,4.994213040059914399e-01,4.876549599424562231e-01,4.999507581430154279e-01,4.997413097369767243e-01,4.997244536463835152e-01,4.522715858007367862e-01,4.996676563119414327e-01,4.813245923755493094e-01,4.999296616708702734e-01,4.991880484659770856e-01,4.517726331654809413e-01,4.917922610312632781e-01,4.883624379914150992e-01,4.997242587304017158e-01,4.524578798958043824e-01,4.524988471017382108e-01,4.991875106104327608e-01,4.991814821659308343e-01,4.498714206849930841e-01,4.994241785517038457e-01,4.885552916084427433e-01,4.999755632326294830e-01,4.999173984531612436e-01,4.999597855941192992e-01,4.996647000296745023e-01,4.992026653397890201e-01,4.408793245164807084e-01,4.996844837821549090e-01,4.997639233081264676e-01,4.984702551515078905e-01,4.906374598280732191e-01,4.999496334121273367e-01,4.993866973040491097e-01,4.992751264890777918e-01,4.991426473361080807e-01,4.989649130678782130e-01,4.919585414072008556e-01,4.995752814355810534e-01,4.849499128418612859e-01,4.998690790951558771e-01,4.983752313328179140e-01,4.994548950125692888e-01
4.999993060443354564e-01,4.999974997477229510e-01,4.999994051011426577e-01,4.998164503690676885e-01,4.997086657664340237e-01,4.999158902731010157e-01,4.998907653776586968e-01,4.999975092663269116e-01,4.998654556595505394e-01,4.997816426516191735e-01,4.999857600913746869e-01,4.999030662852985696e-01,4.999930235334837936e-01,4.999898254964973421e-01,4.999952953002384515e-01,4.983890869158685843e-01,4.999975184213529822e-01,4.999889393155816375e-01,4.999772300756065713e-01,4.999506325873493973e-01,4.999598039515864012e-01,4.999971621089993601e-01,4.999945082168111288e-01,4.999758062549967685e-01,4.996623953108704774e-01,4.998724814714682330e-01,4.989005125104630234e-01,4.999895976446734891e-01,4.998672444293656980e-01,4.999954531587807449e-01,4.999984974632958878e-01,4.999994496310444791e-01,4.999951036247975433e-01,4.999984243668777473e-01,4.872941717254624661e-01,4.999974693475735532e-01,4.999380765316323583e-01,4.999896133338620485e-01,4.996277422035054760e-01,4.999925217748828477e-01,4.999386413514002592e-01,4.999691199024475230e-01,4.999523024318972553e-01,4.999732482097895558e-01,4.999596387917261686e-01,4.998209605825896240e-01,4.997012081464607403e-01,4.999990224188153309e-01,4.999700888369214002e-01,4.998901864596576594e-01
4.997700135782456310e-01,4.999070164615274647e-01,4.999550955838694133e-01,4.979066626469443868e-01,4.651134857254264898e-01,4.987074786728008524e-01,4.652734890347621222e-01,4.999761655411064654e-01,4.991301258595350343e-01,4.810308705915353200e-01,4.997798348727948703e-01,4.992569442773481803e-01,4.993867376904988498e-01,4.657279750419317521e-01,4.996540073987196240e-01,4.354307158317697879e-01,4.968522925811041935e-01,4.997103035079057398e-01,4.658044607813244808e-01,4.971484919124913304e-01,4.791598509434335518e-01,4.953206105346482646e-01,4.659580138706653218e-01,4.650767607886813759e-01,4.987795577682814230e-01,4.947300376143416445e-01,4.620238439628772675e-01,4.983872192285391245e-01,4.839096974220555292e-01,4.986140884795092210e-01,4.997083970961864186e-01,4.999791224670027678e-01,4.982789807549330985e-01,4.979929581374751280e-01,4.524473783948105288e-01,4.955364263796668833e-01,4.998512963441414936e-01,4.997995320723989665e-01,4.431307442524143325e-01,4.999309711886654184e-01,4.996223243835533623e-01,4.897626526263307301e-01,4.955757676362805841e-01,4.890029027819933760e-01,4.501964774404727532e-01,4.993006354154482795e-01,4.415025143395943097e-01,4.996714455495708807e-01,4.945615175873342428e-01,4.993076790830946465e-01
4.997273465162724304e-01,4.994648227358047254e-01,4.992542717995261947e-01,4.903855383608729523e-01,4.680614361365389442e-01,4.918950112427469823e-01,4.679515344999782278e-01,4.997337578854000872e-01,4.978528724445934195e-01,4.821997248922351154e-01,4.989059488638940554e-01,4.936539865317119968e-01,4.961900189736827005e-01,4.691859043957151698e-01,4.990894980248448687e-01,4.573053646015052820e-01,4.688001573013241274e-01,4.993564492188287129e-01,4.688711686496869202e-01,4.940807062220899382e-01,4.740258463386656795e-01,4.805490023675882405e-01,4.695868297458454244e-01,4.666006759327949172e-01,4.952753491709275258e-01,4.794585435116637262e-01,4.614469245852337864e-01,4.949707467213287360e-01,4.932503885207120131e-01,4.921195842191909420e-01,4.983190993337402452e-01,4.997074945353501274e-01,4.953790613131741627e-01,4.851743372057625847e-01,4.503265354104279972e-01,4.656558768019384842e-01,4.993666631162050340e-01,4.997073760383757834e-01,4.415525788410323282e-01,4.989651657454314271e-01,4.982435935423034645e-01,4.326879084309729895e-01,4.870518494875968329e-01,4.585027907487634891e-01,4.658904568743170160e-01,4.982382236966307887e-01,4.064591033672408926e-01,4.988875213637215533e-01,4.787346801146380448e-01,4.971926303613635190e-01
4.990968284566704161e-01,4.987464092511282865e-01,4.960905043269596137e-01,4.852758236220268695e-01,4.867305129558455734e-01,4.799197984208627421e-01,4.854242448831983525e-01,4.990090365103314607e-01,4.975047041296973283e-01,4.701455775297903039e-01,4.978301147172211061e-01,4.849372742101115685e-01,4.905889703253469292e-01,4.864102868857029804e-01,4.984085347406207456e-01,4.766340904421474400e-01,4.244852811904014089e-01,4.974460279225902948e-01,4.860041907508533821e-01,4.965393642970863941e-01,4.737612940394451688e-01,4.779991639297229700e-01,4.872406065805313657e-01,4.849180166722908414e-01,4.882924356195915694e-01,4.763429713030134516e-01,4.799454950308011947e-01,4.899072998557866265e-01,4.932017703985583368e-01,4.893744990725404920e-01,4.947123392211843496e-01,4.986140275292855195e-01,4.966101497650545205e-01,4.730526096569905858e-01,4.661852098407278100e-01,4.231877380386818155e-01,4.979767619554519853e-01,4.984522849911355857e-01,4.602243789812250907e-01,4.954806797943402397e-01,4.923466311873129775e-01,3.802080502123463823e-01,4.910217011986397484e-01,4.568796678117588717e-01,4.852323508882651626e-01,4.972182180630479453e-01,3.774910670430736692e-01,4.981361107458572857e-01,4.758616539889484742e-01,4.925669506317582602e-01
4.987594521159183225e-01,4.982975785075249853e-01,4.929613121952787225e-01,4.867958177467385239e-01,4.588556582841968323e-01,4.734498994490732304e-01,4.610975449358172273e-01,4.982878406128998239e-01,4.980609612008153331e-01,4.687139856219652567e-01,4.977418231520359115e-01,4.883493679877637383e-01,4.871439111643708353e-01,4.592031380349353986e-01,4.979567934523572159e-01,4.950232564611983244e-01,4.415680722283867876e-01,4.959120314016618458e-01,4.558426417363041772e-01,4.931295303930749996e-01,4.944100390442047188e-01,4.943454878095892568e-01,4.604700791432895235e-01,4.611259733417583107e-01,4.841050936246435454e-01,4.912168859043329339e-01,4.573973299939242954e-01,4.796371949638426613e-01,4.963597539059905195e-01,4.961423409996554845e-01,4.900357504467569569e-01,4.973821431903284740e-01,4.975779339426719683e-01,4.885536399651806416e-01,4.472368992863506310e-01,4.415935979123147281e-01,4.957782653393526529e-01,4.927211053649001027e-01,4.905124351259325666e-01,4.924630423251600275e-01,4.835449986415548684e-01,4.306202507627671094e-01,4.949083838402245639e-01,4.907136495989131153e-01,4.962610041082922696e-01,4.953281677084598877e-01,4.387035044032123743e-01,4.968012367580602606e-01,4.874153161703064785e-01,4.878224703940408080e-01
4.991547641458802254e-01,4.985094596672112188e-01,4.954808645520688559e-01,4.871186290600134083e-01,4.622723192923429703e-01,4.771134417797426308e-01,4.885188181200788571e-01,4.985739306803281812e-01,4.984131989198514745e-01,4.401179808579897546e-01,4.986188273735092658e-01,4.983679023651017004e-01,4.905050047816210679e-01,4.860191534178676109e-01,4.984364365252185736e-01,3.250099548746052114e-01,4.947762289109106648e-01,4.974299467029786315e-01,4.759594131722803545e-01,4.665971163301820268e-01,4.493399061814459805e-01,4.953651058540328722e-01,4.865665881607019183e-01,4.864943231932784551e-01,4.899830159484170333e-01,4.921087379725018751e-01,4.828646863758584429e-01,4.795208780969940632e-01,4.522439827715923899e-01,4.965492835369301750e-01,4.901365250389119743e-01,4.980104644599784858e-01,4.955584897657807075e-01,4.970668377467984400e-01,4.719364651422415236e-01,4.927370296505921288e-01,4.953878938135551913e-01,4.863887021290900226e-01,3.513862959407140774e-01,4.953535034089119327e-01,4.855146491969048461e-01,4.855907355814716997e-01,4.854159417656629949e-01,4.887392853223590516e-01,3.568330598714156143e-01,4.947912679422194482e-01,3.356457885267059571e-01,4.962805825022607031e-01,4.812603722552391550e-01,4.901862022158975929e-01
4.983039016944594835e-01,4.990000077719221605e-01,4.994041342949727680e-01,4.892550203569538958e-01,4.230147692765980350e-01,4.833298865414680789e-01,4.757218724968700907e-01,4.994082726164382757e-01,4.978682666768936005e-01,3.935835282441421112e-01,4.989067315660203894e-01,4.937745945308056883e-01,4.951106308111062893e-01,4.776749880902494971e-01,4.988238796405120024e-01,2.205461510041737405e-01,4.727111628653633546e-01,4.980931375978466247e-01,4.702655983610426471e-01,4.387265898217075355e-01,3.803537732065013777e-01,4.786185327036125980e-01,4.775272081463144969e-01,4.748351977003558155e-01,4.958486725895888125e-01,4.771148900239093327e-01,4.695055213317406717e-01,4.945187698331146020e-01,3.971061994667714479e-01,4.916786227627585881e-01,4.959013363602878255e-01,4.995550894138616194e-01,4.966375615459582837e-01,4.803637909668893036e-01,4.577103830751939051e-01,4.706819146456076575e-01,4.978993579840684802e-01,4.904619202428531222e-01,2.612907830368918494e-01,4.993625347076743881e-01,4.963369296327382885e-01,4.301558210692602580e-01,4.865900681500649472e-01,4.555935591984808797e-01,2.761573752072447596e-01,4.974590630047504014e-01,2.129787021893729537e-01,4.981846099085843194e-01,4.689829893125977422e-01,4.961612268595236297e-01
4.976456965940321275e-01,4.989241342842167248e-01,4.969493698063613962e-01,4.921479462729388410e-01,3.629333881270176976e-01,4.820204669824266763e-01,3.999809836520406559e-01,4.992336139766732073e-01,4.972862841144218282e-01,4.666219383162826251e-01,4.981186453513141155e-01,4.851034868675380696e-01,4.918748023160969818e-01,4.022587430603916658e-01,4.982449010111040244e-01,4.690784789653433817e-01,4.257243346095336833e-01,4.963071501841928579e-01,4.025428041225442843e-01,4.494878965812726390e-01,4.669921964601091435e-01,4.786035913781789830e-01,4.029277803941341829e-01,4.014449200269494811e-01,4.901305181315121495e-01,4.771203051479648849e-01,3.957788908877222789e-01,4.945327357079578601e-01,4.855074692967813466e-01,4.944850033772136277e-01,4.979969975050492770e-01,4.990320075849267734e-01,4.983979256001711544e-01,4.825674550123139062e-01,3.887748283565168883e-01,4.253561549852338808e-01,4.986099460296250507e-01,4.978625779061928158e-01,4.646804282186277057e-01,4.966254716447405237e-01,4.945517392933648781e-01,3.865058152913223299e-01,4.972918008559563674e-01,4.588414525466141813e-01,4.887692846421687887e-01,4.982577301509212298e-01,3.483281749024566554e-01,4.989687917439661335e-01,4.769885022514083195e-01,4.938060105222825125e-01
4.986802122171380414e-01,4.983753538135421435e-01,4.930870959879440907e-01,4.882201770122572282e-01,4.289306973887299645e-01,4.752401178625916822e-01,4.385666275879105402e-01,4.983641095020262535e-01,4.978857029445307725e-01,4.094806823708369570e-01,4.977158256771258560e-01,4.898111974631733090e-01,4.867148031397925401e-01,4.370595638360966206e-01,4.979471584403566964e-01,1.880306044549562294e-01,4.491627537921082935e-01,4.958541035857636503e-01,4.340932077043211934e-01,4.848088270388493659e-01,4.307653811872031446e-01,4.928146865499566931e-01,4.381980873910445995e-01,4.387835923085140477e-01,4.841719206647562834e-01,4.897717071097990038e-01,4.348656771983072655e-01,4.795207519915015149e-01,4.338365274755219270e-01,4.975389751494720958e-01,4.929406902436634930e-01,4.974713746069398534e-01,4.973152042758415270e-01,4.961487698786452571e-01,4.264265979590896039e-01,4.488756898732986778e-01,4.958852858093082405e-01,4.930480168045692779e-01,2.102390023705167366e-01,4.925782618501694521e-01,4.836755279823742870e-01,4.358568572614001657e-01,4.950892438722903077e-01,4.873749077180551392e-01,2.133984282801622556e-01,4.955646967833109429e-01,1.878344642072952986e-01,4.969945778642751444e-01,4.862098414198007812e-01,4.877166074734102796e-01
4.985880615671113292e-01,4.984120954540183779e-01,4.947254383025878055e-01,4.889892147697555980e-01,4.689778273977089351e-01,4.758501508557786974e-01,4.739439357829925425e-01,4.984062269168955672e-01,4.989133948046418632e-01,3.434800815190352519e-01,4.985084765175961108e-01,4.972000862087034845e-01,4.896051555902645736e-01,4.717954282757236273e-01,4.984404739348044511e-01,1.785702147154343278e-01,4.899784441195986218e-01,4.965395728659578456e-01,4.617421402878318371e-01,4.911768072627375470e-01,3.541050898127548474e-01,4.989365284320397276e-01,4.722212408597910582e-01,4.734037163887897526e-01,4.887495335206276104e-01,4.960176647590183174e-01,4.714199841610138830e-01,4.810393541457823052e-01,3.530125763587150800e-01,4.979523615514142021e-01,4.901572503149632110e-01,4.977607172491305132e-01,4.979516327763202077e-01,4.976927967227480210e-01,4.597274370401132626e-01,4.899740963986318754e-01,4.951110631664453754e-01,4.855476261918958425e-01,2.488668425005657048e-01,4.944844598538485902e-01,4.847047847752465333e-01,4.828918713718629574e-01,4.920303499833125760e-01,4.987156706873101530e-01,2.487973083655679873e-01,4.952170618500774668e-01,2.435346186746983888e-01,4.965471674793942025e-01,4.850783221617651630e-01,4.897518324478399854e-01
4.977410256434083302e-01,4.991951373303831763e-01,4.982776384397578640e-01,4.963552320603977219e-01,3.774440969211900754e-01,4.876880790661161647e-01,3.989164132752072711e-01,4.992917546387797278e-01,4.991481901393691190e-01,4.439272827865916593e-01,4.995321903333890812e-01,4.990443428148174099e-01,4.963571740046656133e-01,3.995078134108180912e-01,4.989633955008828670e-01,4.251053444149711646e-01,4.996491758598223254e-01,4.970580372510102207e-01,3.939762112592291587e-01,4.708087635820453754e-01,4.454547143074568671e-01,4.995171211699571678e-01,3.996582764137308619e-01,4.002776205775813723e-01,4.958840460780155612e-01,4.979161536586176329e-01,3.978025926408276791e-01,4.936461082874798456e-01,4.449943939444888641e-01,4.994471067770214212e-01,4.943187185891315671e-01,4.991852119471013594e-01,4.992127598791477050e-01,4.977247474091283652e-01,3.888048164714658084e-01,4.995158889062270013e-01,4.976826391610179035e-01,4.897121297790961170e-01,4.775937774827425653e-01,4.984067484659366887e-01,4.942071274039303574e-01,4.951381080455398154e-01,4.958883584749249063e-01,4.987043301120835381e-01,4.771664431302728437e-01,4.977886479174631340e-01,4.499711061222105291e-01,4.984544294515078633e-01,4.904117111076530255e-01,4.961348296321601570e-01
4.988157404006363094e-01,4.998280515309783678e-01,4.997411133704907082e-01,4.988294951082607454e-01,3.975171691468724067e-01,4.975494930852581432e-01,4.174195182036466445e-01,4.998844766270783557e-01,4.992942323854563380e-01,4.970831378303046111e-01,4.999345163273152814e-01,4.996045057332723083e-01,4.995307924070611638e-01,4.182742714029139552e-01,4.995105524777717632e-01,4.973412888386238295e-01,4.999060224738672287e-01,4.986647801091149690e-01,4.174118247207392329e-01,4.746330718043268448e-01,4.973129960389552906e-01,4.998945647674654102e-01,4.185155116309509093e-01,4.186311266718152346e-01,4.987820442879906113e-01,4.991733607031603737e-01,4.160620932152644391e-01,4.986974597631356199e-01,4.973416911237058535e-01,4.994139201391095129e-01,4.988271662122433225e-01,4.998984156076145546e-01,4.990836805659684128e-01,4.978097369719913234e-01,4.061494792938761256e-01,4.991298654307216864e-01,4.996166406665294990e-01,4.974635866353462332e-01,4.990881439083580950e-01,4.998618169020987989e-01,4.991051442377427150e-01,4.990130536013425711e-01,4.976144052500169335e-01,4.986775687905901644e-01,4.995915383310965407e-01,4.993530003468354961e-01,4.748849521386502848e-01,4.996873539798102892e-01,4.977807175447133692e-01,4.992176580875162806e-01
4.999566508452376601e-01,4.999926135064861055e-01,4.999931693842098457e-01,4.996738235771029935e-01,4.932218456601570322e-01,4.998620503030150042e-01,4.951165994731204778e-01,4.999956698162132951e-01,4.998025554439946005e-01,4.998866354307962001e-01,4.999806741389088982e-01,4.998669563411029526e-01,4.999633527926435339e-01,4.952546497663797287e-01,4.999699183367113942e-01,4.996260867938041583e-01,4.999400594442079959e-01,4.999393669829310105e-01,4.952609263832264408e-01,4.978111372747093255e-01,4.999005190014306765e-01,4.999348875573091933e-01,4.952828656101603277e-01,4.952433892130652104e-01,4.995784416796242855e-01,4.997624855697486712e-01,4.938893930329061321e-01,4.998981862485437078e-01,4.998702451028828597e-01,4.998927948208126693e-01,4.999773905538309471e-01,4.999981547729719922e-01,4.998989824910093360e-01,4.997289175523290106e-01,4.811564915851568869e-01,4.998596920704441726e-01,4.999387733301267067e-01,4.999399478992685442e-01,4.993258438358454954e-01,4.999897144136901672e-01,4.999396415915125513e-01,4.997798965239863556e-01,4.997133205447277238e-01,4.997387539478880258e-01,4.997171144167872336e-01,4.997886934976070172e-01,4.973918907007384704e-01,4.999835962007739276e-01,4.998480440291120930e-01,4.998467383207199077e-01
4.998624382093475593e-01,4.999534786345959381e-01,4.999746555023170669e-01,4.983079342068797990e-01,4.761514889534018691e-01,4.990673505388118492e-01,4.845566270125863384e-01,4.999893236922555717e-01,4.994511138125725114e-01,4.977973283265796911e-01,4.999046657097289126e-01,4.993233760954049472e-01,4.997833870042846516e-01,4.848271133022560853e-01,4.998136688466850441e-01,4.777290636396768764e-01,4.972593617583386250e-01,4.998242993176788551e-01,4.849153263410034831e-01,4.897558083859115396e-01,4.973228281556756336e-01,4.982601402857297357e-01,4.849926825584625623e-01,4.845771170881296719e-01,4.991912987315933470e-01,4.978382274505440686e-01,4.822484100606688195e-01,4.991619741907641905e-01,4.991370006101042978e-01,4.987836544878528344e-01,4.998778403561620065e-01,4.999911942877522941e-01,4.991135523294141785e-01,4.971393635588615134e-01,4.698042152268040450e-01,4.965825902096774325e-01,4.998944654837555457e-01,4.998717129714300156e-01,4.767937833108246148e-01,4.999704093856575104e-01,4.997958184177394569e-01,4.941840227786992723e-01,4.975313502075780492e-01,4.956201929537075168e-01,4.801662485393815016e-01,4.995422877509375637e-01,4.665058947307975101e-01,4.998292473228937438e-01,4.978258194041466633e-01,4.996135708501146522e-01
4.998045123381338883e-01,4.996305061502858136e-01,4.995884814951742636e-01,4.942552863345968661e-01,4.553901841322585131e-01,4.925136474688561750e-01,4.820366716327083578e-01,4.998433423174946100e-01,4.980590802081117374e-01,4.572957553773130956e-01,4.992123181377849384e-01,4.939601807106019371e-01,4.974963053704289928e-01,4.827534016465671041e-01,4.992231291047324881e-01,3.330113067878251454e-01,4.697468921717005697e-01,4.996019783967669547e-01,4.828359641117792589e-01,4.659406331869759832e-01,4.524957570612103686e-01,4.854814864751555437e-01,4.832073199436495159e-01,4.806937348695890511e-01,4.966629310064325509e-01,4.843363725120283236e-01,4.745340637497040270e-01,4.969187565332461309e-01,4.660743984166171305e-01,4.957973065891405073e-01,4.990407968138141359e-01,4.998450216648875899e-01,4.972614948647617328e-01,4.911177846758081333e-01,4.650771445151077876e-01,4.681277944844595140e-01,4.995669193434926769e-01,4.997947540063134020e-01,3.429699307342495285e-01,4.994454524425284148e-01,4.986902020949551817e-01,4.460309613830891196e-01,4.921141063084917833e-01,4.693458542924029975e-01,3.585492217488460143e-01,4.985994593086321980e-01,3.040174914318072297e-01,4.992355306123680836e-01,4.838675914226120978e-01,4.978159052928770034e-01
4.993256628590759805e-01,4.989683767785980106e-01,4.971081492143401559e-01,4.930920088741021501e-01,4.748445255934322096e-01,4.822783345654672593e-01,4.900109069572010090e-01,4.992625752241904302e-01,4.971938509016772811e-01,3.587120045903482435e-01,4.979497615217983730e-01,4.871375947811582008e-01,4.909677452358026106e-01,4.909285281928514322e-01,4.985115832004146097e-01,3.126835085193530595e-01,4.340521311839941609e-01,4.981390890332098031e-01,4.906457809233786271e-01,4.766475894145353331e-01,3.568278547404565293e-01,4.733444054182237015e-01,4.914521345976862743e-01,4.883438956841686385e-01,4.905580764386524573e-01,4.717415181546581460e-01,4.801856433741528152e-01,4.917444272100396363e-01,3.753288386319553749e-01,4.971840830187047033e-01,4.979288773608466778e-01,4.990274933212877073e-01,4.979024138506865649e-01,4.954592745228076911e-01,4.757632603497429225e-01,4.336405692446686500e-01,4.983795573110123001e-01,4.987181527144096127e-01,3.888750526922510331e-01,4.967122508577508366e-01,4.933283958115965429e-01,3.932627939763382874e-01,4.959217237617954410e-01,4.485467030895719520e-01,4.176803118455729158e-01,4.977413123113058058e-01,3.248543348568220801e-01,4.986677634520058078e-01,4.711214831660826552e-01,4.927840771720692903e-01
4.988248327508805202e-01,4.984213915889697533e-01,4.934440513082619661e-01,4.878783270052379772e-01,4.769744710720256742e-01,4.769185914311901975e-01,4.784363657377830314e-01,4.984573226290929249e-01,4.976614832812992217e-01,3.950808658802431039e-01,4.974957719900539588e-01,4.917702814419768198e-01,4.853560651255251490e-01,4.773092079696342749e-01,4.980453080958581746e-01,3.923587778259918779e-01,4.587901767588283275e-01,4.961376142911290699e-01,4.733692572621522876e-01,4.940396258373043747e-01,4.099765089467719559e-01,4.853246236720238360e-01,4.780832560025133904e-01,4.781427923564059990e-01,4.845249917775550363e-01,4.826743559221818303e-01,4.730486547431471678e-01,4.796533637247857307e-01,4.191594154513553772e-01,4.971200663207351322e-01,4.972072281897080281e-01,4.976428282734111086e-01,4.973635629932761648e-01,4.957198561140560011e-01,4.642236924538158394e-01,4.583678920561934378e-01,4.959585574250836570e-01,4.929353775168485718e-01,4.529048462145360832e-01,4.928954865930044726e-01,4.838133851350712167e-01,4.324937282918464021e-01,4.954964403119943572e-01,4.727379714827988910e-01,4.683138412666424943e-01,4.959732723856705716e-01,4.182153826344200964e-01,4.973020744809907301e-01,4.786131687501178900e-01,4.872513471573186594e-01
4.989899958582773021e-01,4.984643530769730102e-01,4.944668671876584765e-01,4.859710525055994101e-01,4.711977978025388425e-01,4.764363219846075026e-01,4.980743066318488732e-01,4.984015014814630606e-01,4.984078804998267054e-01,4.749246239727670793e-01,4.984071791492986625e-01,4.986425140952473467e-01,4.894087348352775257e-01,4.951711942801559907e-01,4.982838785643583512e-01,4.594003511850817123e-01,4.973537721137737955e-01,4.967504846241291849e-01,4.845799213207871992e-01,4.683102727296308831e-01,4.928016821854023233e-01,4.987423160758974738e-01,4.959473923202216139e-01,4.968231798676385758e-01,4.875335444234516480e-01,4.953853548783972438e-01,4.936728948349541346e-01,4.792270586158381973e-01,4.918878297971926439e-01,4.956231260944156114e-01,4.948428023145836074e-01,4.976181898088845590e-01,4.963757084256094632e-01,4.938793650925620282e-01,4.792703068318991955e-01,4.962726154653693822e-01,4.948775022651580313e-01,4.856821469876730357e-01,4.626802210456653630e-01,4.939740870906068615e-01,4.839881334242709943e-01,4.836618212687863183e-01,4.870090350778403243e-01,4.969926860514740641e-01,4.648495236195888669e-01,4.946124516379619140e-01,4.373511828497724241e-01,4.961537950379171225e-01,4.840845866438509559e-01,4.895489440350780375e-01
4.981835435791741040e-01,4.989169593714072315e-01,4.988599056238349760e-01,4.958395869761943464e-01,3.925877838841752010e-01,4.805206938483931323e-01,4.399455646510152529e-01,4.991992313920965429e-01,4.980656199227247449e-01,4.150241393568870341e-01,4.990061991441410161e-01,4.926247723121780497e-01,4.963852204199750706e-01,4.405757996218926387e-01,4.985828105036957947e-01,3.855281501148617451e-01,4.662297562941489781e-01,4.977726566768095329e-01,4.333661535615942473e-01,4.378908127675168460e-01,4.083572325115107371e-01,4.852137083340039569e-01,4.408548348598049227e-01,4.387445978961411197e-01,4.950630177156467027e-01,4.831430562769975512e-01,4.322133026819083290e-01,4.955853659209828455e-01,4.201838879348445688e-01,4.986737112183641241e-01,4.923331644484113534e-01,4.992124614346816203e-01,4.984567838213865287e-01,4.974772721298428291e-01,4.270326505587376253e-01,4.662807996281676526e-01,4.974056330585320818e-01,4.889829401483457572e-01,4.389180355148674106e-01,4.987188023286727168e-01,4.954562473724580252e-01,4.381504209802268290e-01,4.917465337655613222e-01,4.699954281766972053e-01,4.590330430218418911e-01,4.967308369136200774e-01,3.615695453995320663e-01,4.977541530451518037e-01,4.740938171746130192e-01,4.962239146932858058e-01
4.974679789795166118e-01,4.990146592683145088e-01,4.980265670215991980e-01,4.957104745625139919e-01,3.273097353967268641e-01,4.848462643140723505e-01,3.549696739048728844e-01,4.994031587511230663e-01,4.971453895615592367e-01,4.412858594955885172e-01,4.982288655274254574e-01,4.878970313722926777e-01,4.925079002693026342e-01,3.574191697652224775e-01,4.982602125538245219e-01,3.071273724117840054e-01,4.385588404515782246e-01,4.966487685242643724e-01,3.573885135602716812e-01,4.531510154188897466e-01,4.340729362200485553e-01,4.727719473387565485e-01,3.577299553219034367e-01,3.557011118261589333e-01,4.925849375425700449e-01,4.714049089747634480e-01,3.481935860662374593e-01,4.953933151524284595e-01,4.571969114376809862e-01,4.978369077503579931e-01,4.944952223149868265e-01,4.994298727060257348e-01,4.983427069545371957e-01,4.910179869274492459e-01,3.461242226903362140e-01,4.379092509850019410e-01,4.989835292133668054e-01,4.974694998384440736e-01,3.137359337737443132e-01,4.980216106444317892e-01,4.958642929142604294e-01,4.006830946398615145e-01,4.991259728905767523e-01,4.468908698123360002e-01,3.370529220232720280e-01,4.985539551031457628e-01,2.524260669380305466e-01,4.992730711013130818e-01,4.708648511847037810e-01,4.940354121740929139e-01
4.985518627561456029e-01,4.985504307761755016e-01,4.937188615781687995e-01,4.862416786127104484e-01,4.199919125964399202e-01,4.801359167802085604e-01,4.285176522026057366e-01,4.986061452993442167e-01,4.973899071545478390e-01,4.671985070620400249e-01,4.975377819910005162e-01,4.939165484410358298e-01,4.852603163216400728e-01,4.281521142462919038e-01,4.980080187526090829e-01,4.698676114947092919e-01,4.704587489737899197e-01,4.959358108637542673e-01,4.253467224533125646e-01,4.857398366849112747e-01,4.837961417428303101e-01,4.841723377565806397e-01,4.288233066324226295e-01,4.288905530525202736e-01,4.850294786926357959e-01,4.815941668446999668e-01,4.233396451015203898e-01,4.791699676154008158e-01,4.961447570905410109e-01,4.953195105109564067e-01,4.979677184009894120e-01,4.978352958273133400e-01,4.964016061072026309e-01,4.913384876493330222e-01,4.143009748255567781e-01,4.689089784418544737e-01,4.963005503836751542e-01,4.937592610069116428e-01,4.593089314434217196e-01,4.932775591099116674e-01,4.842642520122928396e-01,4.441208339480894884e-01,4.938412911918137471e-01,4.693221800438225899e-01,4.766332051780295953e-01,4.963323200275183145e-01,4.299062062147205321e-01,4.975967337303008331e-01,4.783589600251495488e-01,4.873052689029584439e-01
4.986283796369687105e-01,4.983783578529631941e-01,4.940110618236950302e-01,4.884123871326615518e-01,4.659042223508984559e-01,4.758946025608121744e-01,4.660402513420053294e-01,4.982909529722809316e-01,4.986242675199511476e-01,4.691764313824846599e-01,4.981663479703529740e-01,4.983346841932586035e-01,4.880598171715125888e-01,4.637003102141985522e-01,4.982690537628685634e-01,2.645504359018026608e-01,4.967845982365653446e-01,4.961946519733247407e-01,4.533796712842800836e-01,4.968551928435100962e-01,4.870185451432480495e-01,4.969805659184589608e-01,4.641958075910345705e-01,4.654083602142598530e-01,4.866418430778204351e-01,4.939850024460666900e-01,4.628734591075939764e-01,4.799788193584174079e-01,4.870020830157474889e-01,4.978414199788423478e-01,4.964858276718051022e-01,4.974737039503523972e-01,4.977595093784394353e-01,4.977828936006833405e-01,4.508899759782309946e-01,4.968367934772815464e-01,4.946756287529102680e-01,4.850776399294760566e-01,2.676098248920982803e-01,4.934271456240150733e-01,4.833620372304530122e-01,4.831664431037704932e-01,4.916746094119346933e-01,4.952352419682494178e-01,2.688442550441301759e-01,4.949231200270676756e-01,2.676236694337025823e-01,4.963570234850623319e-01,4.825328442244966598e-01,4.889069579811154420e-01
4.974639401318315390e-01,4.989811522346492279e-01,4.975545844832472420e-01,4.937830728875000075e-01,3.609217124209728178e-01,4.854391887144680062e-01,3.610334498528353642e-01,4.990222665375045885e-01,4.992048414868426875e-01,4.895197756066425598e-01,4.992975991684261428e-01,4.987845301921028374e-01,4.956951509814164769e-01,3.614261925754027049e-01,4.987119881893867235e-01,2.647644832205794385e-01,4.990996958031954644e-01,4.964637729574586378e-01,3.554308499488043616e-01,4.972285892067463964e-01,4.937089568736380829e-01,4.995070102483846197e-01,3.616715786057458359e-01,3.622170471344353659e-01,4.940487912144283511e-01,4.976711529351726115e-01,3.597762244152674649e-01,4.921373128025918753e-01,4.928420302991248780e-01,4.973069194835547657e-01,4.942103501271795651e-01,4.987958764435261316e-01,4.984916754680429607e-01,4.890668717062652271e-01,3.495961190717181699e-01,4.986200635322980967e-01,4.970383596997230979e-01,4.879300762725113927e-01,2.676976335870955848e-01,4.974641916883571491e-01,4.930058308461404137e-01,4.939272489221170903e-01,4.940001472170094110e-01,4.983795100618770846e-01,2.674291177045752810e-01,4.969938308722292586e-01,2.663635102416139211e-01,4.978335307157648049e-01,4.888112510247666354e-01,4.954991926164968863e-01
4.982862116912953887e-01,4.996915820030236044e-01,4.995199918826336849e-01,4.956445302613807780e-01,3.766202580100915798e-01,4.965055218202411580e-01,3.765435371430527756e-01,4.997689302975902859e-01,4.992448384674494921e-01,4.695941918087539468e-01,4.998806052590465954e-01,4.994393468611910691e-01,4.993345155671023994e-01,3.777234501652469434e-01,4.993235547686689646e-01,4.426002663300139806e-01,4.998542401885759379e-01,4.980348744665529792e-01,3.764114445681279730e-01,4.988945155608398574e-01,4.695238461833842747e-01,4.998725184169567903e-01,3.780000564577767896e-01,3.781338808509935867e-01,4.981792541148764020e-01,4.989956884863583908e-01,3.756510243157697992e-01,4.974479472147570469e-01,4.695854224491136097e-01,4.963684869212648954e-01,4.965870282835990190e-01,4.997827610937848331e-01,4.979751355137148061e-01,4.888213666699998128e-01,3.636035538315315341e-01,4.980539541594220521e-01,4.994008473067134135e-01,4.962733523472425690e-01,4.721452114161604485e-01,4.996703332368648831e-01,4.987701592565704223e-01,4.988013006989004405e-01,4.945554420524074790e-01,4.975124593067264400e-01,4.720809169947693951e-01,4.989865184386742536e-01,4.714239411346459185e-01,4.993712231484299657e-01,4.969179925140766452e-01,4.989389404926907190e-01
4.998025017487392474e-01,4.999710385559801851e-01,4.999640316668649831e-01,4.990405634254470590e-01,4.815972049048103942e-01,4.996111953510932735e-01,4.823409035801370925e-01,4.999867955890934246e-01,4.996672022742910113e-01,4.922548552051540516e-01,4.999746122135363402e-01,4.997238265337650143e-01,4.999570544635555391e-01,4.826407049625900392e-01,4.998957177292380760e-01,4.909500873774423346e-01,4.994836486713916113e-01,4.997629948861546101e-01,4.826499713087404331e-01,4.993949879272674974e-01,4.924676680571160037e-01,4.999122453852600234e-01,4.827361207338880522e-01,4.826713284187738595e-01,4.993977100922859513e-01,4.996257723041134802e-01,4.809696189211665751e-01,4.995306419280427512e-01,4.925288639619273545e-01,4.993462777369808148e-01,4.996041717428882922e-01,4.999911923657374135e-01,4.995217243350744130e-01,4.985639643735250703e-01,4.670495991301429894e-01,4.990643951595507000e-01,4.999299272727197319e-01,4.997574819927029233e-01,4.995077584754863409e-01,4.999815812645957425e-01,4.998873495361517705e-01,4.990838204994764715e-01,4.986705414124856239e-01,4.992794399096552871e-01,4.999097239693822692e-01,4.996970704683638687e-01,4.987950244594601124e-01,4.999193333278343365e-01,4.996475724343495406e-01,4.997586662523609280e-01
4.999412224529460880e-01,4.999796312890320560e-01,4.999860508047292984e-01,4.994113132161637214e-01,4.940982592802882767e-01,4.995148967581116706e-01,4.953362277225719090e-01,4.999939359100346592e-01,4.996754813864523470e-01,4.965327137780532474e-01,4.999630672037453927e-01,4.995592577544624713e-01,4.999530822430541810e-01,4.954992156266346259e-01,4.999304826443014549e-01,4.954281097091620123e-01,4.984908277789744657e-01,4.999160845136977893e-01,4.955557323731988872e-01,4.988547537810690269e-01,4.965993941318071481e-01,4.996212877176804956e-01,4.955767448723407131e-01,4.954338980393728220e-01,4.994259645533185576e-01,4.993575474873674369e-01,4.937172139645327751e-01,4.997145452343104699e-01,4.969278551194212801e-01,4.997213648195814595e-01,4.998600350275620441e-01,4.999963883355529881e-01,4.997040630157214558e-01,4.996015676884056900e-01,4.797172100926433980e-01,4.982711591069169943e-01,4.999194852497072517e-01,4.999363034644383474e-01,4.986359728011292014e-01,4.999833241623001245e-01,4.999197577046172181e-01,4.976583863770502880e-01,4.991015629917597285e-01,4.989143838148687449e-01,4.997206391607272313e-01,4.997146289400973274e-01,4.967956739743510375e-01,4.999357477390390936e-01,4.994319821335806986e-01,4.997731227613511629e-01
4.998590737194781863e-01,4.997566085085677345e-01,4.997745975588258616e-01,4.980212519632570278e-01,4.718205144987172583e-01,4.939577142538076893e-01,4.910923674634004588e-01,4.999148397763984453e-01,4.984298820867940627e-01,4.907733255915309734e-01,4.995352462326174137e-01,4.950370815981034456e-01,4.986713486749041468e-01,4.913770249300973836e-01,4.994107596443518315e-01,4.447196950849803265e-01,4.749313166687284538e-01,4.997509330236649672e-01,4.917414131011805800e-01,4.761015471830275514e-01,4.883992338016692192e-01,4.913458482665010174e-01,4.918518762269988298e-01,4.900987730116871943e-01,4.976876613101051117e-01,4.902651595292146225e-01,4.849401992621539814e-01,4.983455045383259341e-01,4.970154579409451490e-01,4.992693829520682414e-01,4.992410023221353077e-01,4.999233894040411852e-01,4.986350081213358765e-01,4.990805445270759533e-01,4.751889429575602564e-01,4.743717027922467744e-01,4.997042815503807689e-01,4.998484827337190683e-01,4.378054886674047630e-01,4.997280007482030606e-01,4.991006717765529843e-01,4.597498528693904074e-01,4.960308057969115558e-01,4.818100997632214222e-01,4.505741612435208432e-01,4.989552964783606215e-01,4.002098165259599938e-01,4.995056966201424364e-01,4.900224167826063293e-01,4.984904025528316129e-01
4.995228220064342750e-01,4.991837985569667624e-01,4.979925867362628433e-01,4.948079804231501067e-01,4.189461887107677751e-01,4.856663094331950536e-01,4.936814363740649192e-01,4.994785064741893987e-01,4.970764606844969014e-01,4.762360094290214452e-01,4.982759140457717617e-01,4.901758383052980950e-01,4.924639948484949570e-01,4.943635446309530557e-01,4.986082107603447278e-01,2.554541854468856399e-01,4.485815978704810192e-01,4.987416068324774243e-01,4.943213772846849485e-01,4.156422761067406491e-01,4.729501325517161403e-01,4.741581279772000279e-01,4.948048984348386026e-01,4.914847993260771930e-01,4.927065420961887487e-01,4.724757948836187382e-01,4.808475214740159376e-01,4.931383735409125002e-01,4.970754449103106931e-01,4.987365016085780201e-01,4.980913841418457277e-01,4.993661456018054778e-01,4.985965554620233608e-01,4.975970339426732392e-01,4.784739064216382287e-01,4.486493948158168377e-01,4.987469391795411044e-01,4.989803928098452412e-01,2.390848859058799236e-01,4.977869294450730231e-01,4.944400001057907001e-01,4.086357141300502871e-01,4.985616424392907975e-01,4.500901746172689677e-01,2.579407837987568453e-01,4.981238230346871076e-01,1.823603754615427952e-01,4.990771950707390547e-01,4.719010539710957186e-01,4.934545964694483366e-01
4.989503513288640613e-01,4.985644703462101535e-01,4.942632364689551472e-01,4.883549409521090734e-01,3.701576771759343409e-01,4.803496369072121630e-01,4.903027102795939340e-01,4.986804358434148154e-01,4.971319577256980704e-01,4.638905781378649396e-01,4.972873275743971422e-01,4.948277443399595188e-01,4.844190613349871888e-01,4.900009132583604265e-01,4.980842519341985852e-01,3.541523610562482549e-01,4.743755743116528367e-01,4.965948857378488235e-01,4.856412225817109407e-01,3.714430159441878265e-01,4.742765225277163488e-01,4.751964371942550835e-01,4.902356633175177780e-01,4.892323100949151904e-01,4.857946253231460454e-01,4.729341032388525989e-01,4.796596539232965140e-01,4.803628580689578431e-01,4.954502616622505906e-01,4.974411901719680285e-01,4.972411991621945582e-01,4.980237969459208602e-01,4.973844371598752367e-01,4.969065164825495207e-01,4.749376038155274649e-01,4.736849432309564456e-01,4.963115590519487919e-01,4.933451504142647437e-01,3.364718027186034965e-01,4.937803716867791848e-01,4.845694088275409039e-01,4.361901110516689939e-01,4.961671642419177575e-01,4.529398626441751841e-01,3.592020017942001986e-01,4.965802273766613539e-01,2.456975412741780329e-01,4.978554496820985498e-01,4.687832416825924442e-01,4.868726121441609433e-01
4.988749932337364634e-01,4.984367957363707857e-01,4.937600959634197428e-01,4.879088959053907715e-01,4.044907716063842473e-01,4.755569610872066866e-01,4.921843717331547685e-01,4.983326137127289668e-01,4.981745975251010150e-01,4.084517929854818985e-01,4.979755831109300979e-01,4.983311824808032142e-01,4.871800027724872972e-01,4.893886065766823168e-01,4.982320324442697790e-01,3.899486221482690307e-01,4.965458865266175748e-01,4.962524140978036291e-01,4.785592668705153652e-01,4.086452561776131032e-01,4.246568591851839769e-01,4.952524695679285105e-01,4.900215833666255461e-01,4.911715910037010024e-01,4.856639399292276837e-01,4.921327325749605963e-01,4.879971964382773808e-01,4.794391712923417592e-01,4.262119800510296708e-01,4.976568924334127675e-01,4.985670516639409966e-01,4.974069228982689328e-01,4.973744777088039415e-01,4.884425877296424967e-01,4.748100642727420828e-01,4.963322005661152669e-01,4.945738235310104813e-01,4.852563763006169650e-01,4.537749281393482770e-01,4.929979803930549798e-01,4.827116726424977022e-01,4.809565307370159415e-01,4.904470671522679348e-01,4.916801120933645408e-01,4.583760563450607894e-01,4.948225325869556324e-01,3.750911595650086028e-01,4.963078828210012450e-01,4.804741480577524593e-01,4.886619677106046611e-01
4.980300600812344602e-01,4.988393345398542400e-01,4.979424890480778632e-01,4.909705170957899267e-01,3.796245335424745515e-01,4.788054759519374537e-01,3.908134597742803917e-01,4.989549538957077091e-01,4.983165681024099292e-01,3.668700870763828559e-01,4.990904588907275063e-01,4.925612169120435202e-01,4.969551907018623371e-01,3.903743543338007438e-01,4.983959691834565220e-01,2.858229867118112222e-01,4.654679637723544983e-01,4.972183271716381081e-01,3.836143061224246975e-01,4.792009176072451471e-01,3.673762884180313271e-01,4.939298314333532836e-01,3.910936609188152002e-01,3.899878195521487290e-01,4.932970149887525579e-01,4.912952945600558285e-01,3.856275397162919338e-01,4.949945925058578111e-01,3.709902500835232098e-01,4.940353820963965803e-01,4.988199964653364238e-01,4.987405717868519384e-01,4.987475754051731713e-01,4.745702417666906037e-01,3.742541531878429972e-01,4.661545965616232245e-01,4.967818576333100644e-01,4.875244404069962734e-01,3.745192450880857060e-01,4.975432013284719068e-01,4.941921770587168194e-01,4.457426439906704285e-01,4.938787359908898833e-01,4.876864285607424021e-01,3.826089634473049950e-01,4.960584840797260253e-01,3.342874942392967674e-01,4.972769884997803036e-01,4.812857798942634102e-01,4.963403639593915728e-01
4.972447806347467525e-01,4.990795537504683077e-01,4.988145868281972928e-01,4.899262464229356961e-01,3.022294214799525758e-01,4.885841033504111364e-01,3.102788575474362265e-01,4.994529241486211912e-01,4.972158855141081690e-01,4.680513999030770922e-01,4.985716983906141042e-01,4.917871403280269504e-01,4.944570423166818607e-01,3.126527489755350775e-01,4.981397183903366055e-01,4.772678027848918370e-01,4.580197028435328832e-01,4.968168928617882063e-01,3.122995840907590859e-01,4.747167444505938083e-01,4.595702744595723810e-01,4.736757815038344366e-01,3.129350451631713326e-01,3.108964841942339907e-01,4.944067798218481080e-01,4.721010731958491524e-01,3.023857522498777928e-01,4.946358238595761070e-01,4.837980542342710799e-01,4.919469074910881035e-01,4.959574716922001691e-01,4.996295128067594349e-01,4.967154509282077357e-01,4.861512693583148748e-01,2.979438590588378566e-01,4.559495703551859069e-01,4.991535277099247159e-01,4.968748805862517881e-01,4.613191842747931259e-01,4.989929634436895967e-01,4.971008688257468333e-01,4.168876233579790758e-01,4.952480467458959534e-01,4.464548445561207224e-01,4.983075763666048874e-01,4.983170852328183686e-01,4.080524695075936625e-01,4.991789390572539675e-01,4.712753026876812523e-01,4.946310299832563095e-01
4.983992985929233677e-01,4.987123333164918404e-01,4.947026035244728726e-01,4.881204839476881441e-01,3.466144874255677188e-01,4.845668418392491961e-01,4.238269880229526554e-01,4.988767061459824514e-01,4.968952967153725253e-01,4.055214425730567784e-01,4.974304763487064629e-01,4.972499376711967956e-01,4.846261246049949345e-01,4.247949027824828860e-01,4.980306705381571386e-01,3.591000279522796879e-01,4.884277098731770184e-01,4.961705279183873385e-01,4.220366348200215723e-01,4.013480548115130331e-01,4.132893397498901833e-01,4.743383161047236563e-01,4.249276319197134999e-01,4.241894726850086728e-01,4.867771673132009203e-01,4.722437180257666456e-01,4.142988108576032280e-01,4.793241407157609602e-01,4.330639261062069201e-01,4.970234669222259871e-01,4.952854206548576443e-01,4.983202627917709404e-01,4.956133018758419606e-01,4.950765246749191939e-01,4.106394937068290618e-01,4.856308737441247803e-01,4.968713150660343247e-01,4.945204177131192202e-01,3.887471629082666635e-01,4.944644858633136519e-01,4.853998207374441987e-01,4.537478229295875409e-01,4.916933227701390519e-01,4.492329140391223552e-01,4.165005586095159584e-01,4.970176934202517049e-01,3.200629119100616427e-01,4.981758596875767720e-01,4.694113526372530876e-01,4.870089587486215454e-01
4.987151364778011353e-01,4.983938626021818252e-01,4.935662597057427492e-01,4.855735558764994741e-01,3.376727572549133027e-01,4.755232443710486478e-01,4.579279777212115765e-01,4.982914638106901717e-01,4.981258014657501398e-01,3.243427308933135578e-01,4.977162306137297154e-01,4.984732273001913350e-01,4.860156016235174792e-01,4.556611282734281954e-01,4.981904429606952567e-01,3.232371094843011217e-01,4.982169620317347669e-01,4.960041005414864701e-01,4.452548481323771457e-01,3.658332164140776221e-01,3.364522033280001323e-01,4.912666218569052834e-01,4.560333992081986865e-01,4.569882477136237298e-01,4.851590442158311700e-01,4.884045509008659858e-01,4.526945004978176756e-01,4.795460706930018691e-01,3.400870890200596297e-01,4.951902133797176364e-01,4.980606605913064366e-01,4.973589736735074540e-01,4.977911375156574558e-01,4.756692942504703869e-01,4.397275501741929604e-01,4.982678241152977416e-01,4.944746325566301559e-01,4.849755050805804046e-01,4.657408974148167791e-01,4.927398449772384947e-01,4.823128191435713252e-01,4.823996605504177748e-01,4.926270158300338764e-01,4.844139091895661720e-01,4.752976349317309945e-01,4.950175645369513933e-01,3.504252570738322636e-01,4.964687228777225902e-01,4.766588289677908818e-01,4.880670952010383035e-01
4.972713189934179212e-01,4.988091489600428585e-01,4.967319841758738308e-01,4.857753332941697755e-01,2.653968078242583961e-01,4.832886189442833769e-01,3.199173726325431621e-01,4.987619325004569171e-01,4.991549741117678463e-01,4.331007169291530845e-01,4.989796956472499212e-01,4.984364137403451411e-01,4.946917405477858631e-01,3.200814632425530992e-01,4.984577887259339368e-01,3.062191607711882702e-01,4.977358851802304862e-01,4.958920960339295858e-01,3.139488658772469076e-01,4.120763648390610157e-01,4.392444104488081313e-01,4.990795369566590201e-01,3.204543535052128966e-01,3.209075326868093825e-01,4.918796486233643073e-01,4.969749531358566563e-01,3.185228481199318673e-01,4.901771987351132842e-01,4.385397414859831255e-01,4.895937824495619206e-01,4.988277390597806171e-01,4.983678332459465232e-01,4.971434613951903336e-01,4.733004114197805756e-01,3.043519465122918044e-01,4.962803419530033011e-01,4.963809355886210639e-01,4.863611581891265634e-01,3.467725543427312984e-01,4.963231604753975401e-01,4.916993893500583579e-01,4.917166437082502450e-01,4.909228543206224926e-01,4.967161849304188026e-01,3.468468454063435291e-01,4.962233315338751005e-01,2.859413613859239645e-01,4.972406461362770536e-01,4.868799030383310078e-01,4.949243364313742899e-01
4.977135929158899574e-01,4.995338528418857837e-01,4.992018098845845686e-01,4.929457674157271541e-01,3.165678177764758017e-01,4.953171931745620760e-01,3.328258555137265096e-01,4.995991148839277196e-01,4.992670244504149868e-01,4.965931881256839264e-01,4.997858558652837346e-01,4.992017612252291903e-01,4.990768191214200455e-01,3.342870599155456923e-01,4.990873723249331650e-01,3.404330801704195109e-01,4.995033653918884431e-01,4.973163553693776273e-01,3.325246612780238253e-01,4.732962713193617499e-01,4.966248288896525365e-01,4.997920205548852524e-01,3.346099449104247836e-01,3.347168939642979901e-01,4.972887745421474270e-01,4.987507736987655815e-01,3.321444026264738225e-01,4.956862779636724281e-01,4.968160454199280207e-01,4.938295669493171780e-01,4.978701369066910187e-01,4.995934577424362422e-01,4.963231756869245226e-01,4.911548560759124715e-01,3.194326762285884524e-01,4.962111881781033906e-01,4.991010028116570352e-01,4.949718727401775653e-01,3.422126729270301704e-01,4.993152649505244178e-01,4.983699509629685442e-01,4.986000019827491747e-01,4.896832585868318710e-01,4.957496170538803204e-01,3.420667409666137138e-01,4.984292662120009543e-01,3.239985928493415157e-01,4.988963756194049748e-01,4.959546034621139521e-01,4.986368934448557888e-01
4.995297199318373682e-01,4.999243429751185075e-01,4.999014216349172979e-01,4.988302483706922863e-01,4.628954998564747680e-01,4.990233447251582466e-01,4.646295594593237710e-01,4.999607842528118740e-01,4.995239467004633505e-01,4.997481781115376553e-01,4.999643925101370234e-01,4.993125384743663520e-01,4.998888829847883963e-01,4.652313791792840880e-01,4.997866520498812082e-01,4.831008922750664181e-01,4.978470500084812289e-01,4.994487329550646448e-01,4.651868883865384330e-01,4.975089289413116567e-01,4.996268076121019863e-01,4.999519110428835011e-01,4.654078032418216826e-01,4.653311771955082610e-01,4.991218661913356391e-01,4.995272286214140212e-01,4.633314824076690819e-01,4.989152936993708765e-01,4.997325905893378328e-01,4.992523351584399749e-01,4.990290581017321481e-01,4.999706875934335493e-01,4.988956176377470353e-01,4.992621585779108973e-01,4.489202275061393577e-01,4.968527334134347218e-01,4.999041302870709802e-01,4.994294694523198075e-01,4.844117785406187315e-01,4.999579651071244801e-01,4.997892067475613875e-01,4.977909789224130854e-01,4.967257429015096704e-01,4.986801025246504482e-01,4.846307060748107909e-01,4.995338065953280338e-01,4.804691471113327061e-01,4.997816236704050175e-01,4.994339704570315841e-01,4.996331755825728638e-01
4.999908525486089217e-01,4.999931083170809365e-01,4.999957501187216047e-01,4.997541396433741734e-01,4.995648766012542041e-01,4.998728895615285883e-01,4.995000601995641665e-01,4.999949611214178358e-01,4.997727273538165593e-01,4.999010657088948650e-01,4.999766746718485866e-01,4.997959279629645146e-01,4.999815856926504987e-01,4.996261551002003087e-01,4.999868292932127534e-01,4.993943393968743871e-01,4.997397652783794331e-01,4.999727443227913737e-01,4.996413729678963467e-01,4.998661747196727068e-01,4.999000229492301384e-01,4.999754584879856911e-01,4.996445267622595665e-01,4.995987225099431384e-01,4.995161222156376257e-01,4.997977597290158003e-01,4.979705869128381313e-01,4.999588684456509058e-01,4.997655383062318268e-01,4.999859692633788488e-01,4.999591557163260425e-01,4.999986085654932189e-01,4.999635508377363591e-01,4.999859290391412969e-01,4.827000135241347190e-01,4.997154866944713558e-01,4.999335260418903415e-01,4.999797346245442031e-01,4.996190024649098671e-01,4.999855342183988638e-01,4.999810969616060308e-01,4.996682829882538868e-01,4.998746787610716669e-01,4.998810440236207686e-01,4.999635378265941399e-01,4.998011184064630741e-01,4.995071639463233848e-01,4.999901200612168473e-01,4.999138174275699065e-01,4.998183779702088381e-01
4.999005848074546399e-01,4.998442296114223304e-01,4.998652666406884770e-01,4.989302442618443467e-01,4.961349632784616270e-01,4.958195767378916763e-01,4.961778499464259973e-01,4.999570958583905989e-01,4.988619759659264075e-01,4.777281945163504573e-01,4.997692752752930789e-01,4.965197549985337910e-01,4.994097704269771509e-01,4.962327291754190517e-01,4.996197212604870930e-01,4.786962039254135104e-01,4.825101580051879835e-01,4.998375626574825814e-01,4.966742982544934404e-01,4.973349545048413312e-01,4.767007942831358314e-01,4.960277674525336855e-01,4.966461396837191788e-01,4.956208401696441945e-01,4.984109081559610077e-01,4.951383219159702920e-01,4.922970196782936458e-01,4.992074216429787659e-01,4.804433261447692005e-01,4.998361213246150236e-01,4.984242183119657055e-01,4.999638775607940233e-01,4.994402570013279363e-01,4.994342678870403174e-01,4.791263403189393033e-01,4.824729622820274622e-01,4.997964039786359502e-01,4.998837036078044860e-01,4.926943143962062566e-01,4.998745991717818971e-01,4.994224481226765544e-01,4.726726689634019873e-01,4.984240521635535104e-01,4.916623713646425808e-01,4.996058395260821183e-01,4.992862105597086764e-01,4.733241942504726740e-01,4.997082126795371337e-01,4.950566173863256147e-01,4.990601511494765496e-01
4.996799176574896473e-01,4.993780112969093410e-01,4.986799338921842906e-01,4.955183891831101972e-01,4.964246094731454839e-01,4.893308318333463025e-01,4.962737568578907132e-01,4.996510183903670188e-01,4.972259822037627397e-01,3.949053848209898021e-01,4.987614004453326255e-01,4.933092480817584113e-01,4.945065085777506919e-01,4.966240745473667895e-01,4.987645195111125584e-01,3.586392272506218060e-01,4.644074167445879642e-01,4.992125047013320494e-01,4.968723923989419866e-01,4.900650717574029369e-01,3.926924487284116361e-01,4.795916740180682369e-01,4.971336039562795905e-01,4.942217840965225650e-01,4.945678792093776144e-01,4.778105779420940280e-01,4.843245426712580737e-01,4.943035896926617490e-01,4.083831212471490946e-01,4.990978195474244372e-01,4.973454025844489257e-01,4.996163177325451676e-01,4.989791728599826115e-01,4.941552137014783574e-01,4.792168942767621176e-01,4.647341366031597643e-01,4.990536290994905810e-01,4.992192473570107869e-01,4.152804626144284139e-01,4.986261911227964916e-01,4.955965487376666201e-01,4.252467160057226692e-01,4.995941606168620708e-01,4.602642902170673844e-01,4.423083187264394978e-01,4.984554443195037265e-01,3.816012839203926643e-01,4.993768642264709845e-01,4.773920110320320487e-01,4.945236309362247007e-01
4.991136981060336764e-01,4.987418708518174815e-01,4.952983726768979689e-01,4.875678338055979832e-01,4.946122898001539814e-01,4.833330781993141478e-01,4.963406634200768774e-01,4.989239212527996625e-01,4.966496862641695542e-01,4.037250997829959775e-01,4.973725629644695223e-01,4.970865041460627021e-01,4.850417031898056064e-01,4.966261286237710904e-01,4.980737540499010629e-01,1.713064971225708999e-01,4.860775633047246802e-01,4.971988043524599443e-01,4.922374508676563565e-01,4.846119699857140417e-01,4.088261400613729668e-01,4.686608853122280482e-01,4.964778335150380473e-01,4.945775524041733373e-01,4.876470842536279604e-01,4.665808527091059865e-01,4.799542901873565803e-01,4.817609108750574021e-01,4.333087149012594397e-01,4.964050413224136427e-01,4.974284279198499248e-01,4.984550766218412421e-01,4.976978933458509058e-01,4.755764742698218583e-01,4.782789530092235175e-01,4.855743588171889114e-01,4.967632319226211179e-01,4.939251541503518195e-01,1.789407074068217196e-01,4.949343532773256560e-01,4.858985416128299151e-01,4.420546030043081553e-01,4.972705500005278334e-01,4.403654157968512339e-01,1.960227083411037463e-01,4.970682830462700430e-01,1.788930780472726412e-01,4.983765250434548655e-01,4.625651986197625298e-01,4.869677692242674882e-01
4.988280678343782748e-01,4.984327451842768819e-01,4.934807056164167705e-01,4.791101045455319896e-01,4.506645234694720559e-01,4.749251856949447959e-01,4.734952063852418402e-01,4.983651590004204990e-01,4.976695864353036791e-01,4.640561464174621231e-01,4.974176152911867765e-01,4.978543702208635957e-01,4.847768112921567174e-01,4.713065895695828234e-01,4.981835626775441561e-01,3.025526734205807311e-01,4.943623776364187705e-01,4.960158813223570218e-01,4.604914135945717413e-01,4.696869328820080791e-01,4.810155588494020584e-01,4.854884322449866674e-01,4.714884590926909924e-01,4.721309192019110812e-01,4.846656137835967937e-01,4.828241197780742677e-01,4.647553036948927074e-01,4.795391080307532250e-01,4.918668562308075587e-01,4.886723690282142041e-01,4.969636909177029827e-01,4.974015278228305359e-01,4.978118536006562178e-01,4.685860922534665352e-01,4.479379055411044641e-01,4.943129229249289547e-01,4.945152258361052433e-01,4.851564028335992318e-01,2.958410238795934344e-01,4.925753357816992084e-01,4.818999562871936759e-01,4.784811509851819578e-01,4.937946343888844347e-01,4.732905059628576550e-01,3.075233516984071103e-01,4.952578070493629525e-01,2.911208690677105637e-01,4.966941451164195720e-01,4.710126350383300187e-01,4.875504147380452791e-01
4.978755279946648904e-01,4.987323344949592951e-01,4.967836170094878101e-01,4.833364565757589659e-01,2.907758647555937492e-01,4.782925030694852309e-01,3.345889951927021322e-01,4.987283404422109268e-01,4.984446207334589096e-01,4.402156219051395203e-01,4.988480353339757589e-01,4.936316624093884942e-01,4.959669177386436534e-01,3.336839006898357773e-01,4.983158299921344736e-01,4.152874075468158677e-01,4.709347473346037760e-01,4.965387225938264759e-01,3.273580130083947881e-01,4.313057640335528631e-01,4.458869164164307453e-01,4.990350685944272002e-01,3.346117874452971264e-01,3.342268306965568425e-01,4.909526075457406047e-01,4.960633587188738036e-01,3.323695097923510811e-01,4.925595709909960651e-01,4.452806404124249884e-01,4.864746691727317995e-01,4.969942563294973970e-01,4.982411395190388670e-01,4.972272137635521116e-01,4.908130260218221408e-01,3.147312389357336260e-01,4.702845024173099575e-01,4.961488404363533777e-01,4.861602254402989653e-01,4.653035940202673304e-01,4.960860027628642976e-01,4.924575925252601682e-01,4.519570789100245123e-01,4.915807523929343614e-01,4.969272705885457997e-01,4.668956661119645357e-01,4.956218232687268355e-01,3.706198218657916765e-01,4.968920088067643737e-01,4.850433342801817038e-01,4.961924590177745342e-01
4.969721825505999391e-01,4.991142142998143405e-01,4.991552338487934004e-01,4.943918414738182054e-01,2.298206267463545893e-01,4.920853775568257427e-01,2.711364817121335591e-01,4.993887979150611889e-01,4.975189536514718625e-01,4.709381113898106763e-01,4.990536618691440163e-01,4.956402095146918985e-01,4.969177824507765018e-01,2.732285852957090921e-01,4.979813348149914054e-01,2.738304680428494398e-01,4.785797160027121522e-01,4.967347172897134122e-01,2.726277990936127882e-01,4.133625013465968556e-01,4.642681801629046645e-01,4.814317870610538841e-01,2.737268967633306183e-01,2.721218092565393931e-01,4.952404568637809867e-01,4.793596000336547980e-01,2.657028558750221259e-01,4.930327039104792641e-01,4.815748225098703261e-01,4.963731239162962883e-01,4.978310419299027956e-01,4.995955874909129846e-01,4.943923918802455297e-01,4.909869261732047740e-01,2.619361348530628297e-01,4.744973464161950649e-01,4.990805852552951949e-01,4.960838583523600187e-01,2.668293821606509408e-01,4.993476031119479797e-01,4.979923288438102280e-01,4.335851510676189680e-01,4.874179077915662406e-01,4.585685221191078687e-01,2.823749354726122207e-01,4.977039077380372989e-01,2.077050773411940610e-01,4.987276919925762719e-01,4.783139654845982025e-01,4.956362903867786440e-01
4.981976251577617254e-01,4.988850010970458659e-01,4.959327536304133366e-01,4.875961518164830810e-01,3.957737038379481320e-01,4.875386657948517222e-01,4.255368895348625169e-01,4.991196888547692612e-01,4.965591327858697723e-01,4.547769018137073904e-01,4.976687729531589222e-01,4.988795993202333467e-01,4.856951330190705796e-01,4.277348717874538409e-01,4.979497533105810003e-01,4.400951769637487798e-01,4.979627308926158347e-01,4.964736552724907659e-01,4.251491583778828076e-01,4.509455245537992707e-01,4.587413338296499887e-01,4.679881622292230148e-01,4.274354485898295142e-01,4.260476543626813273e-01,4.890714771116109194e-01,4.662100853819300394e-01,4.114505852700851563e-01,4.804263180344903184e-01,4.878033944136356270e-01,4.963252209294896633e-01,4.976044644750740598e-01,4.988315427924271961e-01,4.954892630817867016e-01,4.697716242215247973e-01,4.109819147426413966e-01,4.948608309488817247e-01,4.974814283064632470e-01,4.952726063265457390e-01,4.133548880671172321e-01,4.959269412684792488e-01,4.871893953281473677e-01,4.646554403777218289e-01,4.903223173353706277e-01,4.364845179804738851e-01,4.542301820193815343e-01,4.974088509259985691e-01,4.048354164909623853e-01,4.985751919986143310e-01,4.639358685942203686e-01,4.870650662763568728e-01
4.988367024449405496e-01,4.984465669433401636e-01,4.934990205581218370e-01,4.759374494570339786e-01,4.473088949709916884e-01,4.748179540963866629e-01,4.495568133170878000e-01,4.984009881267664199e-01,4.974494656978037943e-01,4.468972468042314850e-01,4.972715804889677460e-01,4.976835266429949223e-01,4.841767906328472426e-01,4.477037851274483504e-01,4.981597835068681257e-01,4.546130355242730126e-01,4.942297089879923444e-01,4.960081385420958000e-01,4.373268947153194364e-01,4.890028071562362855e-01,4.627897381674567767e-01,4.817443186522611387e-01,4.477094987585154007e-01,4.480925330015280705e-01,4.845581603306833851e-01,4.792380617303283463e-01,4.389667740761758474e-01,4.794773503645670121e-01,4.768066805460616231e-01,4.854350467304933692e-01,4.973643258215429963e-01,4.974468329338553874e-01,4.977359609375898164e-01,4.772849014082559127e-01,4.223320600125001212e-01,4.940426401216468366e-01,4.945379559493258137e-01,4.852193974082664174e-01,4.527907124521453053e-01,4.925719479728218331e-01,4.817974046228783447e-01,4.808679900407541452e-01,4.944007243689044206e-01,4.660092274400651213e-01,4.767604122067959360e-01,4.954233684732868292e-01,4.751026332628386362e-01,4.968582395187735035e-01,4.674316754487989889e-01,4.871938710188547517e-01
4.971839063945800441e-01,4.986658468485475337e-01,4.958509732982405716e-01,4.832921440519685752e-01,2.655954820813539730e-01,4.814991661643685528e-01,2.781946991195426433e-01,4.985505229920740855e-01,4.989021183769594137e-01,4.786018362934434389e-01,4.984968510447999046e-01,4.981824287910642801e-01,4.931486942372087512e-01,2.782038416849028639e-01,4.982508573030428045e-01,4.754052893433785565e-01,4.964723872130606397e-01,4.953917846890077414e-01,2.721810388854719043e-01,4.728857712893585474e-01,4.880339459565995464e-01,4.965899532996806420e-01,2.786660327312577845e-01,2.789369559232948159e-01,4.895794014191821586e-01,4.942589180261309223e-01,2.760994905521808596e-01,4.877016225113589010e-01,4.894519763981608484e-01,4.873052392680184974e-01,4.987279603357338553e-01,4.979575602836098791e-01,4.950611541915866387e-01,4.936172226297760868e-01,2.629775741073174244e-01,4.931676603340638398e-01,4.957876240204441842e-01,4.850737267452046031e-01,4.811786398986404034e-01,4.950995297079249235e-01,4.902707748949265976e-01,4.880474749148264180e-01,4.862126524569758690e-01,4.903295543381837041e-01,4.850787654667053084e-01,4.956285333257092751e-01,4.583012926377018625e-01,4.967863448968295459e-01,4.830680933682381939e-01,4.943466535236314963e-01
4.971320576591924389e-01,4.993696220670739150e-01,4.987578085877952816e-01,4.955804391950902610e-01,2.640537356250688417e-01,4.938812175300249518e-01,2.907396077338219587e-01,4.993811715494711478e-01,4.993074225207790873e-01,4.423623125633692754e-01,4.996206308934458828e-01,4.987442525593260845e-01,4.987069669003180716e-01,2.923665217362389490e-01,4.988008966002568378e-01,3.787189666279385247e-01,4.980902800888320492e-01,4.965316319325207561e-01,2.902455849662626264e-01,4.511563275363750791e-01,4.431373714135806718e-01,4.997448695665546725e-01,2.927748736430071386e-01,2.928231103445854688e-01,4.960309236265517674e-01,4.984822963369708315e-01,2.902126489293293532e-01,4.936886609964146189e-01,4.434222889860360839e-01,4.966498002542486523e-01,4.997030474587630944e-01,4.993197076392228428e-01,4.943885767558128808e-01,4.971766951978113247e-01,2.804873947381587018e-01,4.930945158356311864e-01,4.987147628944006428e-01,4.936404435567744997e-01,4.235649911363548181e-01,4.987421077619513254e-01,4.978454300348146844e-01,4.981693011857040165e-01,4.834353287339052674e-01,4.938611616841780960e-01,4.233787931492741796e-01,4.976856277535002815e-01,3.822108794403844545e-01,4.982712935254938191e-01,4.949977127614167416e-01,4.983415462004010532e-01
4.991385651960419945e-01,4.998529094761045566e-01,4.998006576483077223e-01,4.992723177273026836e-01,4.233697236666091324e-01,4.979029895051689802e-01,4.457505896643527143e-01,4.999041480415015171e-01,4.994149027443284261e-01,4.704065202528769363e-01,4.999430140200026851e-01,4.984148457038025670e-01,4.997992615008412520e-01,4.467712632128250649e-01,4.996394626998343358e-01,4.068752064558424086e-01,4.938819607426561675e-01,4.989926760876787215e-01,4.466177955237471409e-01,4.739689592694493747e-01,4.703201729965529876e-01,4.999434210220065067e-01,4.470239656255911576e-01,4.469341399379471169e-01,4.987280746172773616e-01,4.993860588107498777e-01,4.445406220403603226e-01,4.982498205451559303e-01,4.705605628442538491e-01,4.998394995418251607e-01,4.995997655931139203e-01,4.999231815959520597e-01,4.982146255168178883e-01,4.991297354532169273e-01,4.305971532842430283e-01,4.922901722252772116e-01,4.998466363775841415e-01,4.989607177580645536e-01,4.324817715871921986e-01,4.998955890433267046e-01,4.996660849913640012e-01,4.958500089855726323e-01,4.942804312085713470e-01,4.979224917591568156e-01,4.325734589622615700e-01,4.992617945759669218e-01,4.070490415560192865e-01,4.995377926212207775e-01,4.991443696382474315e-01,4.994626590832614288e-01
4.999939235976411656e-01,4.999931585749715079e-01,4.999954202273733106e-01,4.997573231380917358e-01,4.988441165796274612e-01,4.999048577643567803e-01,4.994573309260289529e-01,4.999938993281654587e-01,4.997514372633682367e-01,4.996618244808727072e-01,4.999739655801376803e-01,4.997911763778845051e-01,4.999780295413766562e-01,4.996010262467832086e-01,4.999903001325642915e-01,4.978211596905133818e-01,4.998005093608285376e-01,4.999738847160896116e-01,4.996050991824773080e-01,4.992571641078572542e-01,4.997891421318119143e-01,4.999923531528248088e-01,4.996166991370027399e-01,4.995737032801252919e-01,4.994847165149955415e-01,4.998097822882624497e-01,4.977746395596233109e-01,4.999745559520361038e-01,4.996360493499898969e-01,4.999897011734797947e-01,4.999793587651326088e-01,4.999985160502194992e-01,4.999809753228536269e-01,4.999823608930470953e-01,4.815251144059577437e-01,4.997899145091083128e-01,4.999402524440280104e-01,4.999817529840773211e-01,4.991919341093050688e-01,4.999828757895689035e-01,4.999850635982279190e-01,4.997408617124231012e-01,4.999389117092074009e-01,4.999280989349290105e-01,4.994707564433036318e-01,4.998115117045083267e-01,4.984577050538031573e-01,4.999940027271413401e-01,4.999329405685548067e-01,4.997984211512317976e-01
4.999353774680054263e-01,4.999054168045929392e-01,4.999131387532974591e-01,4.992925897458453388e-01,4.894471092671446866e-01,4.976179291534786331e-01,4.985827648961129177e-01,4.999786366813311345e-01,4.992439312148743702e-01,4.983183766727642960e-01,4.998901868798097947e-01,4.979692849242554620e-01,4.997446415011155829e-01,4.986054435242777694e-01,4.998007554996811708e-01,4.972691777720033568e-01,4.901469493452291215e-01,4.998913583039875097e-01,4.989423613915295319e-01,4.900333963031682227e-01,4.978389203526609741e-01,4.986976139912171480e-01,4.988892275939231791e-01,4.983763538076019795e-01,4.988976005242110601e-01,4.980658652035513945e-01,4.961949066405157982e-01,4.996485353362756232e-01,4.990139955087596890e-01,4.998921908653440882e-01,4.988081572545777220e-01,4.999832492576266052e-01,4.998125283813075193e-01,4.975783025432390927e-01,4.803426029907608141e-01,4.902419075179376140e-01,4.998572822288795958e-01,4.999132553004916324e-01,4.955368080809890441e-01,4.999407743662140358e-01,4.996558802410236977e-01,4.838478852462320123e-01,4.995433539462163508e-01,4.972457924764623338e-01,4.979737363175968379e-01,4.995515589706435167e-01,4.736774237146783584e-01,4.998497923286999156e-01,4.980822520617967375e-01,4.994419049183084214e-01
4.997961637448128380e-01,4.995331528903587670e-01,4.991522007572671282e-01,4.947535248180598422e-01,4.819775250803118305e-01,4.926517359226855741e-01,4.979041566597265378e-01,4.997805747094508089e-01,4.976022018386559997e-01,4.887542878984399985e-01,4.992213908707089920e-01,4.959551011054279535e-01,4.963657794475155871e-01,4.979467572959493937e-01,4.990044621664334046e-01,4.968483786986725992e-01,4.784004616622375972e-01,4.995422243868913870e-01,4.984313941075219634e-01,4.779112105279016420e-01,4.866331597986414681e-01,4.869199595721434570e-01,4.985518619679655261e-01,4.963704192127276205e-01,4.960670000986004413e-01,4.851400137093664355e-01,4.897879018501413162e-01,4.954167824403352682e-01,4.988648510691090499e-01,4.977898563552817235e-01,4.949229777245420236e-01,4.997835326182665794e-01,4.992706348124091309e-01,4.846593477257421512e-01,4.778269947900402048e-01,4.788285770051735613e-01,4.992980712500287299e-01,4.994214387732762161e-01,4.791511789019427536e-01,4.992147394368089963e-01,4.966414248974732604e-01,4.418280897706357568e-01,4.998503835487751457e-01,4.742685400048683997e-01,4.988696875598603864e-01,4.987931604431105614e-01,4.312780335097285422e-01,4.995910722458538622e-01,4.849027021964174566e-01,4.957899706511294524e-01
4.992912967911909972e-01,4.989409383425331135e-01,4.963899434561514501e-01,4.810485769343300078e-01,4.936236746481800775e-01,4.857730679108467897e-01,4.972019206670033609e-01,4.991618884820803181e-01,4.963886941602116409e-01,4.603624757447978832e-01,4.978042679158290462e-01,4.984578214984412003e-01,4.870588792067547801e-01,4.977014017171221272e-01,4.980807310310373937e-01,4.500268839980374191e-01,4.933688719465468830e-01,4.978537720482601459e-01,4.937370410628362793e-01,4.817638082254704912e-01,4.634190302561488894e-01,4.684566272588089886e-01,4.974406151897934336e-01,4.952357049455088367e-01,4.897779433877493260e-01,4.663512144717209540e-01,4.795586220410840705e-01,4.835843543471626815e-01,4.918600691429251270e-01,4.893778968707537813e-01,4.937605852966330255e-01,4.988734079044657710e-01,4.981279381169667064e-01,4.805808717679254660e-01,4.706327387554524733e-01,4.933424983966015476e-01,4.972454120916731668e-01,4.946345569280600207e-01,4.197996556227312492e-01,4.961626963466541085e-01,4.876940380179673462e-01,4.497106537281248539e-01,4.985236120986729080e-01,4.397772249426984414e-01,4.617556696481633360e-01,4.974606090082335230e-01,4.257053019380718784e-01,4.988142567946440842e-01,4.626859929158895768e-01,4.877291694830966362e-01
4.988532480775095812e-01,4.984883244161507077e-01,4.936918456602316096e-01,4.746363906055177107e-01,4.387544487779774793e-01,4.749539083939128825e-01,4.461811361697897715e-01,4.984809869441697572e-01,4.969936846312391632e-01,3.761864013899785530e-01,4.970901641315094155e-01,4.976063583886082275e-01,4.834049438403466015e-01,4.448980702064792569e-01,4.980643743286126135e-01,1.662853087916109085e-01,4.928274025147368342e-01,4.960685717277239504e-01,4.343634046561558604e-01,4.788886644200835430e-01,3.881119578807166182e-01,4.737352712825545487e-01,4.445429722183724119e-01,4.444311618569182221e-01,4.846405218006651361e-01,4.715309311711341489e-01,4.307708394231441473e-01,4.791101390446482200e-01,4.064887155184571665e-01,4.841133490115608340e-01,4.970293391599771571e-01,4.975854541818370280e-01,4.972212283535712984e-01,4.953996953250507373e-01,4.175960350046385994e-01,4.921097155850922555e-01,4.946822413069830726e-01,4.854101068994237655e-01,1.874069850605292464e-01,4.927380908790282010e-01,4.819035999536069315e-01,4.774276942446815664e-01,4.951638261204230895e-01,4.502214743668340180e-01,2.027971911938465654e-01,4.957437791375638447e-01,1.987112355152571008e-01,4.972227525959417860e-01,4.598413461702058891e-01,4.864787774201385639e-01
4.977544329280139124e-01,4.986021603084279663e-01,4.956009579009728605e-01,4.905084389363027486e-01,2.611492337878447145e-01,4.786590114082034941e-01,2.781503941395197521e-01,4.985596091257330498e-01,4.982813678508546951e-01,3.447075195528210845e-01,4.982425852396829558e-01,4.954337052259514262e-01,4.934964493788256412e-01,2.773774708212915496e-01,4.982969781328605019e-01,1.957778073216560055e-01,4.806212526025810394e-01,4.958663986589074701e-01,2.713938854099310349e-01,4.651640588885730399e-01,3.518482118261546665e-01,4.965034681533606054e-01,2.782146250780362373e-01,2.780157202913534631e-01,4.885182218414608202e-01,4.935606255788911323e-01,2.752554492605783776e-01,4.888547676368686923e-01,3.529736579468906177e-01,4.937675356026525186e-01,4.977276392118773485e-01,4.978146890904903699e-01,4.943454489061838708e-01,4.920995440971170365e-01,2.653452432325430488e-01,4.770134982683957858e-01,4.956201510820207878e-01,4.849715741888934728e-01,2.699226467540955521e-01,4.946412596317003030e-01,4.904896400798329226e-01,4.567831712871286975e-01,4.853012939858623587e-01,4.897751846494323713e-01,2.729595602494134243e-01,4.954533574518680816e-01,2.380705219229379555e-01,4.966941852365198695e-01,4.815515628282244776e-01,4.955020037756491802e-01
4.966621311611987832e-01,4.990723351077321346e-01,4.989339101710176805e-01,4.964851650546657225e-01,2.269763282602283161e-01,4.941522614177078498e-01,2.416149517484098286e-01,4.992403329765409126e-01,4.979375038574588852e-01,4.780817298263389525e-01,4.992780558337965302e-01,4.982548159775423424e-01,4.983549311510231949e-01,2.433380747373911912e-01,4.978932083113505325e-01,4.632717009774947048e-01,4.939185111413111340e-01,4.963779502867923243e-01,2.425442743232707199e-01,4.634919046319093683e-01,4.734818007478436841e-01,4.919164222728017455e-01,2.441507383628289118e-01,2.430257796812281545e-01,4.949444511845759731e-01,4.892124170188705823e-01,2.400054288707787475e-01,4.916253251696288684e-01,4.812381733923751237e-01,4.983252811899294143e-01,4.940054267797183707e-01,4.993432681110756000e-01,4.924571400212957029e-01,4.825561508006824263e-01,2.338463657617095293e-01,4.879213242289411889e-01,4.987972106675598871e-01,4.951141812302459200e-01,4.743177347143614497e-01,4.990231675206291961e-01,4.980962893972635253e-01,4.487732576578546406e-01,4.788474252348131621e-01,4.767173534000764823e-01,4.853539919387902524e-01,4.969472797921342666e-01,4.084209978316414302e-01,4.980370585618476009e-01,4.878721029456600800e-01,4.968259239517075487e-01
4.979226997361332341e-01,4.990603737526831396e-01,4.972082415572015579e-01,4.797284541999081720e-01,4.247918830559307413e-01,4.885429495360200103e-01,4.332195378755412385e-01,4.992905097928978519e-01,4.965359732355011935e-01,4.112559034902030231e-01,4.982686426335053431e-01,4.983909201372361264e-01,4.882582841439383481e-01,4.362783537653527888e-01,4.977820781980921150e-01,1.857863094267115378e-01,4.964962883424264284e-01,4.967353271608990761e-01,4.342119648954400057e-01,4.756877979440326532e-01,4.111177332005979679e-01,4.689657115834796608e-01,4.358429503931110505e-01,4.342716709138842446e-01,4.914508704894146041e-01,4.671996651038443638e-01,4.193923699660575544e-01,4.825163864483196785e-01,4.367320859405626754e-01,4.881591622671053732e-01,4.927343956405251246e-01,4.992666924696617103e-01,4.961898648554369240e-01,4.924933630991054634e-01,4.105887617986557214e-01,4.942655069722016736e-01,4.980130342167227164e-01,4.959587925565572264e-01,1.922553852397669849e-01,4.973854891247008747e-01,4.894109567837880426e-01,4.758643404100789120e-01,4.907480970253386698e-01,4.381344407913170258e-01,2.107934256661168626e-01,4.974226447934814721e-01,2.017781911938854034e-01,4.986792216565013036e-01,4.657035137160083216e-01,4.877252867141547155e-01
4.989702356337403222e-01,4.985600895396297694e-01,4.939037822100396102e-01,4.771241919846605506e-01,4.398729499900272955e-01,4.741780039576588557e-01,4.403500594788812839e-01,4.985899812231012751e-01,4.967378206123571061e-01,3.162859215667089829e-01,4.971397040499872522e-01,4.964027460258199076e-01,4.834795311542816609e-01,4.392497529561290581e-01,4.981008498110035543e-01,2.486178137727788895e-01,4.868400595502697104e-01,4.962154192430644484e-01,4.290014751981520713e-01,4.851965254863682131e-01,3.258590039966072216e-01,4.712019171520675509e-01,4.387099727894023249e-01,4.385097358915395760e-01,4.849533040903104553e-01,4.691717041007477107e-01,4.233419602290131589e-01,4.793718630186661889e-01,3.431826162303899252e-01,4.866413066500006046e-01,4.956929480703614610e-01,4.977288069882622734e-01,4.971844123410289473e-01,4.969698218473333484e-01,4.139309480612949343e-01,4.860998325444403356e-01,4.948368859783213169e-01,4.857740976159863333e-01,3.311697762865927763e-01,4.929874747362920639e-01,4.821752251277013901e-01,4.791983759331216453e-01,4.957481470162460324e-01,4.453144151674309770e-01,3.618568150246112558e-01,4.959715849873340132e-01,3.622321394959395757e-01,4.974328784502757839e-01,4.575496233140604052e-01,4.864070018314518573e-01
4.972167710040820698e-01,4.985471025096931408e-01,4.950087365560508768e-01,4.909745494572203550e-01,2.379420707042521899e-01,4.802613662932088689e-01,2.386642087034019366e-01,4.984213065051416591e-01,4.983903171873688143e-01,4.256557612371458799e-01,4.978997039629359245e-01,4.981469662871373383e-01,4.911511752063244529e-01,2.386674956722336927e-01,4.981111739485459267e-01,4.402565083925814582e-01,4.960636087818041107e-01,4.950218638393605319e-01,2.328923652433121105e-01,4.904738128525920615e-01,4.362238305317742149e-01,4.903879379214296508e-01,2.391182509838483683e-01,2.391165597109958241e-01,4.874343997834210684e-01,4.879789582838840456e-01,2.344817330636908004e-01,4.849515588772783659e-01,4.428847158177495746e-01,4.951292622522051046e-01,4.983967262645987439e-01,4.976315697811539152e-01,4.924457775391314907e-01,4.954382470486596302e-01,2.289536196209067953e-01,4.902500652896044087e-01,4.953388367957613503e-01,4.841136226085629435e-01,4.824917888792675247e-01,4.939614948987476328e-01,4.888922129335593891e-01,4.830059658432688807e-01,4.800256117819435286e-01,4.762559047163875126e-01,4.974499026875314756e-01,4.953128055540618746e-01,4.890275429540459906e-01,4.965672212117547835e-01,4.758460867913870129e-01,4.936575847328579236e-01
4.965795736767020241e-01,4.991947944903882273e-01,4.981466996090905264e-01,4.979741446927313797e-01,2.547507941375078966e-01,4.919954355666080192e-01,2.547900545484779733e-01,4.991350872428360619e-01,4.992862041430433107e-01,4.941758428080347820e-01,4.993041998753857125e-01,4.978169964475999687e-01,4.979025731669807775e-01,2.564475757795697808e-01,4.984907008688498342e-01,4.929837776809674610e-01,4.943573243073718926e-01,4.957108410840906920e-01,2.540957160210340904e-01,4.963517972120782829e-01,4.963114381226747529e-01,4.991255739540157998e-01,2.569821134217691871e-01,2.569159483020695967e-01,4.943742240077811934e-01,4.975644896439865850e-01,2.540377500801813682e-01,4.919731107288138894e-01,4.972270873158343152e-01,4.992194012866668640e-01,4.994857047875129741e-01,4.989669041567689201e-01,4.926809168835568076e-01,4.963237141452191969e-01,2.470342860853766698e-01,4.878912843660078713e-01,4.982645049321541841e-01,4.923593433406655562e-01,4.936574260619740473e-01,4.979239083323748760e-01,4.970810644105497222e-01,4.971040691745175488e-01,4.771005343063448589e-01,4.911871731813043929e-01,4.947461828578063048e-01,4.968270168034245038e-01,4.914629034202305791e-01,4.975469816189481698e-01,4.934535173124389162e-01,4.980493658338724372e-01
4.986369612360003756e-01,4.997628924762928526e-01,4.996520467497173046e-01,4.991399776711999414e-01,4.288856943592140314e-01,4.960872190831823736e-01,4.293919686598469121e-01,4.998041849126474978e-01,4.993696660879141658e-01,4.993715077466601149e-01,4.998936183098305341e-01,4.968461995106664975e-01,4.996465055776925790e-01,4.308775446423826483e-01,4.994388695401728029e-01,4.755363826163102603e-01,4.865435609864207089e-01,4.983973822481917448e-01,4.306050573145941973e-01,4.987367998773027944e-01,4.990122574835464397e-01,4.999101400130433470e-01,4.312179773164588337e-01,4.310906862100754577e-01,4.981642579238404478e-01,4.992186717817167496e-01,4.282334345339584014e-01,4.978083026544490863e-01,4.993225024046640814e-01,4.998882203740862562e-01,4.999218639624411487e-01,4.998304208913295077e-01,4.977488184515099223e-01,4.955332781990243185e-01,4.145231718290323664e-01,4.846196782505792222e-01,4.997377527798778640e-01,4.983743744015914356e-01,4.750844507001548145e-01,4.997543889927691385e-01,4.995131653857330933e-01,4.931907004087167645e-01,4.921104779347096336e-01,4.973348743777876169e-01,4.751081164019541614e-01,4.988336152010538482e-01,4.679667425986802631e-01,4.991557204758870214e-01,4.988386372678705327e-01,4.992488851499425895e-01
4.999331412168130928e-01,4.999757083663222690e-01,4.999746404992136961e-01,4.996851791726488190e-01,4.963100686760074098e-01,4.994385514143134253e-01,4.975359079146182140e-01,4.999873687127521782e-01,4.996576601439310927e-01,4.994951202800944623e-01,4.999654827007457558e-01,4.993598667743384123e-01,4.999687820514995829e-01,4.977484285964645649e-01,4.999571866527034447e-01,4.893059780648306711e-01,4.977084949599288599e-01,4.998967456645994623e-01,4.977894999325218062e-01,4.992451253729106031e-01,4.994669840884589096e-01,4.999849296310747704e-01,4.978073998900799935e-01,4.977243554515786150e-01,4.993476843071334437e-01,4.997297102901834820e-01,4.957042660095483111e-01,4.999103423567606286e-01,4.992949242130773069e-01,4.999719492348896899e-01,4.999774554722955511e-01,4.999939554376437445e-01,4.999131168485444476e-01,4.991898790395846719e-01,4.787305838764998045e-01,4.976653614118417002e-01,4.999394049406395424e-01,4.999195984929842296e-01,4.907997027972406112e-01,4.999753646596519774e-01,4.999404689663344836e-01,4.974983639427469351e-01,4.996892542332747045e-01,4.998310275940466285e-01,4.910626815878571527e-01,4.997609607112174501e-01,4.879481861941747378e-01,4.999466821585268894e-01,4.998241368039338384e-01,4.997411179397211467e-01
4.999655389524029214e-01,4.999509899284044212e-01,4.999504372632993521e-01,4.993144840969377940e-01,4.964482111554378019e-01,4.989773034609617519e-01,4.994882271124966300e-01,4.999874709798357575e-01,4.995100546394374841e-01,4.937536610303285278e-01,4.999407005863353293e-01,4.990463840660062655e-01,4.999022761423244088e-01,4.995840045087317494e-01,4.999209569280070875e-01,4.776490888277749591e-01,4.959541783248377356e-01,4.999304373865121609e-01,4.997463751043387803e-01,4.972524137243770070e-01,4.936779297481629358e-01,4.997371050117270230e-01,4.997272881972013581e-01,4.995047411782823077e-01,4.992001540323023900e-01,4.993401970702753268e-01,4.975160567206487472e-01,4.998540718659253979e-01,4.937416870025572169e-01,4.996972853582641316e-01,4.998060789054991626e-01,4.999923116117753752e-01,4.999451159122791366e-01,4.984131902153807747e-01,4.801376882464872264e-01,4.960174208151612030e-01,4.998957597370091710e-01,4.999434943087256999e-01,4.843352252436743943e-01,4.999660492157298464e-01,4.998275814381115678e-01,4.925163303169974305e-01,4.999130988614485238e-01,4.994009348034998963e-01,4.850235203658680438e-01,4.997262385432319487e-01,4.755010473484020950e-01,4.999379139528392080e-01,4.994158137894657012e-01,4.996422695186970020e-01
4.998765415203009210e-01,4.996508347914164205e-01,4.994466738801685013e-01,4.929935645653926168e-01,4.645523353529761867e-01,4.952840099235903959e-01,4.988162015308254538e-01,4.998712891878856479e-01,4.980980039182869024e-01,4.406510295984414904e-01,4.995349087573499602e-01,4.978247981149354628e-01,4.977299209487843767e-01,4.986746780291423931e-01,4.992967419694398501e-01,4.317269331176100122e-01,4.887462921224368095e-01,4.997471126699485344e-01,4.992614947973268436e-01,4.634551921144049458e-01,4.392086495039118077e-01,4.933563649731315115e-01,4.992995858477144999e-01,4.978419986375867134e-01,4.972048048221974770e-01,4.917458446474893274e-01,4.944056710983930070e-01,4.965218005394622103e-01,4.445988443127470435e-01,4.953639799835425350e-01,4.969923821629116945e-01,4.998850072115508247e-01,4.995390706577121920e-01,4.954946508171930164e-01,4.751385458844736287e-01,4.891426856455594607e-01,4.994895165974758688e-01,4.995837333647809020e-01,4.763403046886581782e-01,4.995844534721560759e-01,4.975014208692705164e-01,4.573194708514884965e-01,4.999029177542783087e-01,4.868203802220604781e-01,4.857420256788362867e-01,4.991356531964594168e-01,4.170812370326971164e-01,4.997432411043198353e-01,4.916487637325170912e-01,4.970108877187590646e-01
4.994627572775512392e-01,4.991255649115505788e-01,4.973779972528428184e-01,4.814731172465412379e-01,4.025759981544974053e-01,4.878035648198637553e-01,4.942578312536691221e-01,4.993771521703628813e-01,4.964317232868034613e-01,4.295422314526907148e-01,4.983717033844747291e-01,4.991179408487068647e-01,4.897738098672375084e-01,4.946492821610789514e-01,4.981878401472078499e-01,4.436145774261662234e-01,4.970457140401198237e-01,4.984732939608885749e-01,4.914464631595863442e-01,3.982599731995553616e-01,4.300344121247990370e-01,4.740969487831558360e-01,4.945216142182234376e-01,4.925544304501596748e-01,4.919103818348392609e-01,4.718523265206909234e-01,4.808419750335040099e-01,4.854929726819824931e-01,4.514461760060963780e-01,4.891690991015787970e-01,4.910437801877912123e-01,4.992334453238659320e-01,4.984170476312739240e-01,4.971250082115778457e-01,4.660340993548797162e-01,4.972957355446662731e-01,4.977139246256315763e-01,4.954218510174040468e-01,4.570975096290562645e-01,4.973005631549248240e-01,4.896354233925832022e-01,4.582000185085936539e-01,4.993037173082948699e-01,4.500760677863460124e-01,4.931729541992209698e-01,4.978323032408983329e-01,3.780364492890487815e-01,4.991530102577264594e-01,4.687008420012075405e-01,4.891427039673316712e-01
4.989417454022109233e-01,4.986142763024558056e-01,4.943451658552453498e-01,4.834240907467248771e-01,3.278280184267837183e-01,4.758428540333959900e-01,4.152081354655626777e-01,4.986541999879049447e-01,4.963443833108938663e-01,4.512294265785056213e-01,4.972126072154828824e-01,4.977739363595065636e-01,4.838634530149093504e-01,4.148241276743636075e-01,4.978786120528349013e-01,4.783961328449966577e-01,4.930639566137273722e-01,4.963856730520065930e-01,4.048895204343250231e-01,3.808976093394204065e-01,4.624367913172038325e-01,4.654309689743560963e-01,4.140779333236817017e-01,4.134973721380581502e-01,4.855121943597385248e-01,4.635102936281419450e-01,3.971169346219790008e-01,4.781763172092259317e-01,4.931135033181976990e-01,4.930801121961549960e-01,4.897298151668175170e-01,4.979103416778198898e-01,4.956684692717018281e-01,4.952249713391321806e-01,3.952204858659387199e-01,4.910238883405432242e-01,4.950194871913852213e-01,4.860199513531506810e-01,4.404279926169547554e-01,4.934087306822895203e-01,4.828293876556615238e-01,4.783155016415290284e-01,4.936553220375283213e-01,4.330563105184360162e-01,4.898964300455451726e-01,4.961797227842187907e-01,3.859257894618814966e-01,4.977931859205239618e-01,4.522220151398135268e-01,4.858356850719398046e-01
4.976960399367704735e-01,4.985073566285151414e-01,4.946596292619024338e-01,4.945462902017412898e-01,2.087733516808684409e-01,4.792889024353471084e-01,2.278683869782488769e-01,4.984704293594968139e-01,4.977697590262570859e-01,4.434563253744637223e-01,4.976377382948280470e-01,4.972517546730804150e-01,4.908723504067609156e-01,2.275418950967766085e-01,4.982355882086095256e-01,2.608809370860807331e-01,4.907221770538132133e-01,4.953307930627885991e-01,2.218805534035089011e-01,4.473626691518197696e-01,4.562199507299337098e-01,4.865851621862393173e-01,2.280944648386274698e-01,2.277954153722123454e-01,4.864588959558018288e-01,4.839967872170504171e-01,2.218204961678609810e-01,4.849781296666413888e-01,4.669494823677134976e-01,4.979977624013303683e-01,4.960111477210241149e-01,4.975390160432182629e-01,4.911056778914145715e-01,4.967287429359084072e-01,2.192800482123867245e-01,4.838010506048734394e-01,4.952660181315839960e-01,4.840426608369354788e-01,2.661713624534616796e-01,4.934815126293846110e-01,4.888710946973359173e-01,4.611631793267170765e-01,4.771726081333402814e-01,4.679772575236904597e-01,2.789211194834922414e-01,4.954661702400918744e-01,2.411927292854858240e-01,4.967162597711620720e-01,4.711455287705160755e-01,4.942319090108352464e-01
4.963412900171850217e-01,4.989348051950701635e-01,4.981691689589212158e-01,4.915525140001743565e-01,2.247240821612819517e-01,4.939448955118135864e-01,2.240162212748152137e-01,4.990499970395336771e-01,4.982376346496550923e-01,4.948353077502449793e-01,4.990133282180957974e-01,4.987671696764474083e-01,4.980050822642365094e-01,2.253867525469323840e-01,4.979171346152947430e-01,2.641817273167617053e-01,4.990464869877326848e-01,4.957816275809530659e-01,2.244007671363359713e-01,4.969190961751794866e-01,4.940411456339459106e-01,4.989075996837063487e-01,2.264919175789919525e-01,2.256154899147771176e-01,4.936166710652660217e-01,4.956818019844598244e-01,2.237282325585965570e-01,4.912325965170477038e-01,4.953404933035807090e-01,4.931027718653415159e-01,4.987739327430705250e-01,4.989333200333908591e-01,4.916953495327526791e-01,4.922864538385893218e-01,2.142708604813342854e-01,4.920184863623607852e-01,4.983869646840189405e-01,4.940010676240770837e-01,2.644230923766048291e-01,4.980992940178810002e-01,4.972761185439280029e-01,4.610383756004676759e-01,4.727791382147737975e-01,4.897759901477130584e-01,2.653619377609617858e-01,4.962429327369907162e-01,2.448867660005698277e-01,4.972664482510841810e-01,4.938006364309857066e-01,4.977722335992424418e-01
4.975582677278911348e-01,4.991760315440334494e-01,4.982493563208735821e-01,4.841918476827593021e-01,3.991348310445362313e-01,4.877097835930029324e-01,4.450447310994756767e-01,4.993656602395919464e-01,4.968478895197841472e-01,4.518962617812220528e-01,4.988534142706564922e-01,4.960283313141115591e-01,4.912094958475048401e-01,4.484146048822202912e-01,4.976182796023799204e-01,4.562438771157643069e-01,4.849221732359518811e-01,4.968425317082937331e-01,4.473484538830386770e-01,4.397832724443790364e-01,4.483910329938241013e-01,4.774988333302466748e-01,4.482710764241126800e-01,4.468969052293561561e-01,4.934309143280313781e-01,4.754008325415224889e-01,4.373740508659128556e-01,4.851773058410153716e-01,4.682226982579238972e-01,4.924266764163840460e-01,4.926072166494379068e-01,4.995385350748917652e-01,4.974045386425480220e-01,4.833832025452497461e-01,4.244809488574718959e-01,4.839860170615998824e-01,4.983873802158818034e-01,4.965236035718207375e-01,4.636804425041702316e-01,4.985521133355513834e-01,4.914369670483853536e-01,4.854125397852390722e-01,4.927734067714371058e-01,4.545392261099256981e-01,4.927662354609261830e-01,4.971221501406274390e-01,4.360345409976305597e-01,4.984453383344518707e-01,4.749114093291659788e-01,4.890633688723227679e-01
4.990824641030571218e-01,4.987449899427919831e-01,4.947838927183055291e-01,4.873413859988008912e-01,3.240371914889990101e-01,4.741521732025659741e-01,4.294617746089685051e-01,4.988141293839096213e-01,4.961949106608277704e-01,4.239427217544937121e-01,4.974799383553252241e-01,4.952512360177815931e-01,4.846017802191882051e-01,4.293039236145419490e-01,4.979636069301314194e-01,1.789206536746062726e-01,4.793659252852702779e-01,4.965937459599345516e-01,4.193829668249898779e-01,3.637293913833712922e-01,4.331963904556732081e-01,4.643368418744333592e-01,4.282164779668657384e-01,4.277529332133918061e-01,4.862760025841919020e-01,4.627314354749159642e-01,4.106616985551205801e-01,4.789502445799700414e-01,4.632578239591484404e-01,4.970338319199935073e-01,4.883469760555985695e-01,4.981557066102399456e-01,4.959162545537040279e-01,4.931551405441492175e-01,4.116102700627572997e-01,4.776780244615946858e-01,4.952936431280748342e-01,4.865935166758050823e-01,1.722699163854830295e-01,4.939392091891604553e-01,4.835440193655167196e-01,4.775502018179999530e-01,4.952808359067488730e-01,4.310295402004676313e-01,1.920494453947675650e-01,4.964811025323666582e-01,1.441669084138506307e-01,4.980522286983774527e-01,4.515445203750526049e-01,4.859848195116737712e-01
4.973755955148061458e-01,4.984829986997453832e-01,4.943690072846604888e-01,4.936477709259101676e-01,1.579236821683717429e-01,4.795854507324755489e-01,2.041102225296566319e-01,4.983918939757004396e-01,4.976359115765958130e-01,4.567866295436970314e-01,4.974529373601522253e-01,4.982863529450579088e-01,4.894830123467571736e-01,2.042331510194809741e-01,4.980103595206419320e-01,2.713650869540455424e-01,4.965212112764955110e-01,4.948429245356842920e-01,1.987649059183923816e-01,3.744999587098061244e-01,4.703147075577408520e-01,4.804965525947431648e-01,2.045593737893963704e-01,2.043062762082823725e-01,4.857621785914693069e-01,4.782251641675354659e-01,1.973251783697398676e-01,4.825151789335128671e-01,4.873638657855064449e-01,4.978178222425839738e-01,4.923077254318029006e-01,4.974517547252824690e-01,4.898641430665697794e-01,4.939568633742694170e-01,1.966864787657543745e-01,4.883331357366978986e-01,4.950902033779125966e-01,4.835071651232910050e-01,2.624279776469585213e-01,4.930994032691099482e-01,4.879668727098783743e-01,4.773511474647338382e-01,4.734271933432130930e-01,4.553776331416999890e-01,2.804292646567513314e-01,4.952877418563067513e-01,2.120617483190496977e-01,4.966357023962558737e-01,4.653199537654373885e-01,4.928066883167778744e-01
4.960967217225752401e-01,4.990013093724218751e-01,4.973494272543355632e-01,4.974478001788749104e-01,2.059763725097303599e-01,4.894358928112567675e-01,2.289282024516925140e-01,4.988919871134380180e-01,4.990855788400992976e-01,4.080951617165135548e-01,4.988154278996621005e-01,4.961508253790514744e-01,4.964996953063993690e-01,2.304978286262795995e-01,4.981959207437064996e-01,4.050110169239445890e-01,4.869204286146939786e-01,4.948956235391485659e-01,2.280285913453623525e-01,4.429192380635775250e-01,4.119119745225258700e-01,4.964668577621575429e-01,2.311772780433937746e-01,2.309209169953749530e-01,4.923694834059781367e-01,4.945678388774423784e-01,2.267045136860781351e-01,4.911158983549677171e-01,4.147680367015077474e-01,4.988174475955406972e-01,4.977372512096628898e-01,4.985616928122663105e-01,4.917648605791564154e-01,4.798950661664768691e-01,2.217604504301156076e-01,4.797734758869589555e-01,4.977985806540499714e-01,4.911988357421645524e-01,4.817952227375493224e-01,4.968827836415389276e-01,4.960416938547652643e-01,4.951746967588541715e-01,4.724914106922124546e-01,4.854368137679654360e-01,4.887691052542883496e-01,4.959709794385903092e-01,4.352520865711356213e-01,4.968140701849025342e-01,4.898829121312016088e-01,4.976877349420976149e-01
4.980408026194863003e-01,4.996521406854015912e-01,4.994217292580273582e-01,4.985918840194398793e-01,4.108957457067741181e-01,4.935674677171072999e-01,4.185150422044897067e-01,4.996543100801075776e-01,4.993691546697351935e-01,4.396509497234054042e-01,4.997605964844783477e-01,4.945805516574476868e-01,4.992633474132163185e-01,4.203975792858286598e-01,4.991756623804884385e-01,4.380523891204102238e-01,4.755639985528843372e-01,4.976711138630196540e-01,4.201014870800462986e-01,4.886695242065766109e-01,4.395668863428858208e-01,4.998375040243809853e-01,4.208839119589051769e-01,4.206588791153551554e-01,4.973555164998875178e-01,4.989699072466738938e-01,4.171215322734148634e-01,4.977787102283977028e-01,4.398629557874634832e-01,4.995549876123552835e-01,4.997406960192306569e-01,4.996729533521244160e-01,4.976879200697230110e-01,4.864124818534342753e-01,4.036475244359246095e-01,4.737188910151977628e-01,4.995616423910791415e-01,4.977089992736962176e-01,4.985928417961142389e-01,4.994800223085161250e-01,4.992451192706167107e-01,4.896304883035868527e-01,4.909673048654944472e-01,4.970969883317475912e-01,4.988777770894097241e-01,4.982236279495328435e-01,4.781552714750028632e-01,4.986184239014061492e-01,4.985174900652754038e-01,4.990035110890287950e-01
4.997929731586699953e-01,4.999414682146567368e-01,4.999316387373226589e-01,4.991501825928644775e-01,4.953829107822797506e-01,4.984858997777558143e-01,4.955321395096361492e-01,4.999666546210038698e-01,4.995443200485901736e-01,4.951165047367834249e-01,4.999509643909759715e-01,4.984915252910329664e-01,4.998918144889056836e-01,4.958575320646270157e-01,4.998934582261039816e-01,4.899419685614795905e-01,4.933616143348614758e-01,4.997205435593178868e-01,4.959993185959117312e-01,4.992407950193369359e-01,4.950996445307724869e-01,4.999757410265847635e-01,4.959779486775336976e-01,4.958325234259943759e-01,4.991105112253849119e-01,4.996204194592308023e-01,4.935275248881078602e-01,4.998700785943437364e-01,4.949614530359729980e-01,4.995226879283603538e-01,4.999814044622820086e-01,4.999790563034979263e-01,4.998645016738156310e-01,4.984775267895584228e-01,4.756912574787355852e-01,4.933336057682052300e-01,4.999243001016402399e-01,4.997759995548755607e-01,4.962100118622777556e-01,4.999569647515100801e-01,4.998580663077378250e-01,4.927337848396708964e-01,4.994823008675516873e-01,4.997350320189540840e-01,4.964374703255410859e-01,4.996467358993197938e-01,4.885963205106250151e-01,4.998394731960177917e-01,4.996517652512569851e-01,4.996489201637066002e-01
4.999887149526229257e-01,4.999810972140117937e-01,4.999807307201941664e-01,4.995253130087829452e-01,4.999451619551087411e-01,4.997388554295771890e-01,4.997510412583147654e-01,4.999900662292720566e-01,4.996424417611263213e-01,4.998923280242446587e-01,4.999588131843331062e-01,4.996175136397255079e-01,4.999362705044061439e-01,4.999069999682023702e-01,4.999784508104809233e-01,4.929109189354578535e-01,4.991227499648758226e-01,4.999592226770490089e-01,4.999509883534185017e-01,4.997245877136347048e-01,4.998864022893867443e-01,4.999740817066842258e-01,4.999542616510800896e-01,4.998646962499855850e-01,4.993551846741342559e-01,4.997221186883498145e-01,4.976960786880204601e-01,4.999478930580193436e-01,4.996681075786017501e-01,4.997916437170029091e-01,4.999894793336268628e-01,4.999965663814885941e-01,4.999823501015850935e-01,4.999309734483083356e-01,4.797708463028145243e-01,4.991408152689205679e-01,4.999178108857904590e-01,4.999710209907841096e-01,4.955746813224960468e-01,4.999728779088181696e-01,4.999308967377908419e-01,4.980443712528468958e-01,4.999869433716149225e-01,4.998798753389883109e-01,4.958921518475888357e-01,4.998173162426336469e-01,4.935652151882334859e-01,4.999830799916681334e-01,4.998366532720936450e-01,4.997171587664545611e-01
4.999287815114406008e-01,4.997484400594560672e-01,4.996317211201911634e-01,4.950331003928701290e-01,4.995059004123425517e-01,4.971616195379210956e-01,4.992721491133018663e-01,4.999290985770178941e-01,4.986014656862598482e-01,4.982452166958305506e-01,4.997170627778445007e-01,4.989232986270071279e-01,4.985476455654222483e-01,4.990861663929793690e-01,4.995778878005656121e-01,4.189773857076643515e-01,4.951215412120538173e-01,4.998586371711573051e-01,4.996428488257742551e-01,4.990002379685519740e-01,4.973466451197385840e-01,4.974531779030197387e-01,4.996184978917425634e-01,4.987177152311220718e-01,4.980280325225111548e-01,4.961619687883913055e-01,4.966162973328567265e-01,4.975543342882542408e-01,4.994619570276910836e-01,4.967391614998981075e-01,4.994890404304728193e-01,4.999413076024968317e-01,4.997469877077180822e-01,4.994134907659003586e-01,4.760740677825379130e-01,4.954072603354705007e-01,4.996366934307089891e-01,4.997103778148557773e-01,4.170512783429848325e-01,4.997910954525727756e-01,4.982127628619554272e-01,4.710153955119810165e-01,4.999474292633847017e-01,4.949138591203369741e-01,4.200196992825580566e-01,4.994412711456754361e-01,3.974075860927933634e-01,4.998497798369379019e-01,4.961434006273693909e-01,4.980116992776425500e-01
4.996138760213046925e-01,4.992728858247312274e-01,4.981624669397465843e-01,4.892570496587023698e-01,4.880955381262544468e-01,4.896435646964034105e-01,4.892728460886628383e-01,4.995601720420162484e-01,4.967559133786818015e-01,4.747496839671466184e-01,4.988446204676237339e-01,4.993551753092664858e-01,4.922600037143555207e-01,4.893965118318539531e-01,4.984365123594183822e-01,4.413093389378909270e-01,4.984945249222096364e-01,4.989949625052009230e-01,4.870841274384412611e-01,4.926739543066661065e-01,4.738475206830628506e-01,4.826357237937006772e-01,4.895182478719239394e-01,4.880299758478379712e-01,4.938391558898053701e-01,4.802815394323179943e-01,4.818357352046381270e-01,4.872706788185752758e-01,4.891558640972369920e-01,4.961388210059629045e-01,4.962970567964541946e-01,4.995125772794000718e-01,4.984143997168627438e-01,4.977033653577987993e-01,4.666021452301928885e-01,4.984906732758306869e-01,4.981484874509994332e-01,4.962340669862863596e-01,4.323474345757891135e-01,4.982396752324154687e-01,4.914383965228517614e-01,4.665487514941107361e-01,4.991472636309503552e-01,4.658491492502860321e-01,4.530797138679555358e-01,4.982422338090655711e-01,4.304427755035349912e-01,4.994028697275377238e-01,4.777271636534950461e-01,4.909899656954077596e-01
4.990760311191620446e-01,4.987728346976425531e-01,4.952796969025127782e-01,4.883318776065223021e-01,3.720496103219914086e-01,4.775141927153633836e-01,3.855508980608914893e-01,4.988585438502980418e-01,4.959266741362206576e-01,3.674825737924505842e-01,4.976443796949211462e-01,4.982736100475709251e-01,4.857461887815141544e-01,3.858082446081117500e-01,4.977100703818533867e-01,3.784563277739201870e-01,4.949259642711740792e-01,4.969005187405807211e-01,3.768014129122248534e-01,4.666172308025177129e-01,3.723636920055158894e-01,4.640955214198425605e-01,3.849360018250297943e-01,3.842933165935630280e-01,4.870707389191362702e-01,4.622094252353582400e-01,3.709852420688090069e-01,4.772036226710262286e-01,3.985770755391979114e-01,4.979822212703193252e-01,4.901254271064997003e-01,4.983114358111823683e-01,4.937196343974847301e-01,4.929019919291313112e-01,3.700631450672479672e-01,4.911979242286904634e-01,4.954660309856450673e-01,4.869600279596671966e-01,4.311762777513987177e-01,4.944319229350076506e-01,4.843734034774306307e-01,4.806720151476546743e-01,4.897859245315255294e-01,4.285067655514021578e-01,4.789060218805430980e-01,4.965655265362496351e-01,4.608944494305031170e-01,4.983218359830916544e-01,4.515783513007673444e-01,4.859370442276609303e-01
4.977186470473958790e-01,4.985026022535908319e-01,4.941685581160796259e-01,4.921506174927421373e-01,1.655223357369914605e-01,4.795287254376446873e-01,1.887411181238849711e-01,4.984642627453670927e-01,4.970332322764607347e-01,3.207672516497110937e-01,4.974077315373395813e-01,4.983259709688048766e-01,4.893518646089979329e-01,1.888604718081282607e-01,4.980472521026333421e-01,3.402872716341148185e-01,4.971226501422358890e-01,4.950331868519187162e-01,1.835576944791730558e-01,4.208961747910536788e-01,3.298243246907466286e-01,4.737299003559676258e-01,1.890952006760207860e-01,1.887031448430295799e-01,4.851266245696767565e-01,4.716280856721304926e-01,1.808116017221133021e-01,4.820865350577506203e-01,3.467123023567529327e-01,4.959451654890450478e-01,4.880381194304639902e-01,4.974550389311598875e-01,4.886390510206919946e-01,4.757816376779822054e-01,1.809301018071120259e-01,4.880216307421675892e-01,4.951042748376740521e-01,4.834508272368712167e-01,4.507814695458565168e-01,4.928030357370173919e-01,4.880772008955273078e-01,4.661234682559034503e-01,4.700980263335516329e-01,4.418120657422365816e-01,4.925447061383346203e-01,4.955382050502331048e-01,4.128569216029878142e-01,4.969312324298311712e-01,4.581899261274976487e-01,4.926538951263118027e-01
4.960465248337221356e-01,4.987550670400968111e-01,4.970520335572948256e-01,4.957882182543781324e-01,1.758188399414116754e-01,4.912824218977991930e-01,2.187427382011269961e-01,4.988611822444298793e-01,4.982146793949778218e-01,4.708511185203439475e-01,4.984963062652471022e-01,4.969523151261340255e-01,4.962228455068758981e-01,2.198453564326248999e-01,4.979951271949457636e-01,3.723869240690970694e-01,4.920640673508829277e-01,4.950345804085891643e-01,2.185896123643092104e-01,3.945084244352824454e-01,4.758988124387981689e-01,4.977760577949856824e-01,2.211506928466288879e-01,2.202680203187175334e-01,4.915629251435353897e-01,4.943628922214887145e-01,2.157937019882561203e-01,4.921036767124033484e-01,4.779916766535683981e-01,4.970369641554550078e-01,4.941644471580273201e-01,4.984568101160102294e-01,4.922776909415909063e-01,4.710107295056061294e-01,2.107444435486687251e-01,4.855106682816502928e-01,4.979445331052382295e-01,4.928010206041245622e-01,3.848772721388326046e-01,4.967764791262095914e-01,4.959641070113161021e-01,4.703252293074543511e-01,4.711678291230771420e-01,4.885904212735532326e-01,3.912799416151266363e-01,4.956769127072655490e-01,2.965225879248638008e-01,4.965740666569937733e-01,4.915919518141766975e-01,4.980613508003060574e-01
4.971023107533106278e-01,4.991672653849249519e-01,4.988000746139126806e-01,4.911664792892172504e-01,3.921457497893817701e-01,4.857402320915684690e-01,4.582346385479337814e-01,4.993456885878672646e-01,4.973570975406123029e-01,4.389019018264536109e-01,4.990393627607609961e-01,4.926089963886988166e-01,4.930771509712078005e-01,4.613849567436572596e-01,4.975614364458475491e-01,2.646337084079158908e-01,4.672908789992141210e-01,4.967040996814148790e-01,4.617089771809161358e-01,4.252684150782220507e-01,4.351351195879221145e-01,4.894237162309580946e-01,4.619565746564104902e-01,4.608294244988555555e-01,4.946086002778015134e-01,4.867351659173101419e-01,4.566823275478597566e-01,4.877390863257926035e-01,4.434832817199431121e-01,4.989979766142414452e-01,4.987419228882300493e-01,4.995951520987592653e-01,4.985209321158088347e-01,4.921412593350423248e-01,4.420859750824270851e-01,4.670926438302353545e-01,4.985836163784607700e-01,4.969171296894029921e-01,2.904453816881338302e-01,4.991942443575158039e-01,4.926897763670973207e-01,4.912940828407996174e-01,4.951440273358120314e-01,4.779311409093918717e-01,2.972943234061925510e-01,4.966595236238293132e-01,2.529412979291060792e-01,4.979151678862575037e-01,4.873779370651897813e-01,4.908541816372488098e-01
4.991331833220822856e-01,4.989525146819233092e-01,4.959930854936354661e-01,4.864119960336758530e-01,4.048108917191842737e-01,4.751912360296593474e-01,4.162212831191435258e-01,4.990258214303116002e-01,4.960153181635757469e-01,3.355376445917280237e-01,4.980516791009637623e-01,4.947678359707997076e-01,4.870985876452743057e-01,4.169520493258649929e-01,4.977697967908406018e-01,3.453952766890868720e-01,4.750880033054430407e-01,4.970684005076181911e-01,4.077074736941387334e-01,4.729058699733885152e-01,3.378274918810199035e-01,4.650946826856454108e-01,4.155381436102167370e-01,4.151838616358118905e-01,4.882737267652350055e-01,4.636960933179009037e-01,4.030305587000905243e-01,4.782815068389886237e-01,3.610568394102990908e-01,4.960032166702705858e-01,4.938761425155659412e-01,4.986454279223587749e-01,4.941232568428821637e-01,4.883039347116733264e-01,3.975485029840730711e-01,4.719405460454113577e-01,4.958121420961221215e-01,4.876194565179731155e-01,4.395166081095314148e-01,4.952671235551553974e-01,4.854930308035845798e-01,4.750501300080901546e-01,4.923105587957056772e-01,4.303322510579915550e-01,4.839860643665316320e-01,4.968389049174503636e-01,4.625748587666210221e-01,4.985641561370954267e-01,4.532238604993861775e-01,4.862335218699521677e-01
4.976526988811073582e-01,4.985143265418416902e-01,4.941090533512773608e-01,4.925787412493830009e-01,1.742305674000265980e-01,4.792737824922192469e-01,1.771703997352828408e-01,4.984590569780054103e-01,4.967885410311623784e-01,4.194159473770279201e-01,4.974044799376842185e-01,4.983585696923987229e-01,4.890644531777320059e-01,1.774614388975817303e-01,4.978909601717815270e-01,2.046722828453779730e-01,4.968682256865230018e-01,4.949041015611947425e-01,1.722991944955440113e-01,4.705868403030371572e-01,4.304789467092025035e-01,4.696122189193442931e-01,1.775911336357750558e-01,1.772076291529547654e-01,4.848425260187561037e-01,4.676651074867761992e-01,1.693491345658414138e-01,4.811653578225286720e-01,4.564779845215424237e-01,4.967357638478338000e-01,4.883125688464776126e-01,4.974591281994314440e-01,4.881079849477249488e-01,4.670125699584797840e-01,1.701853667404830683e-01,4.874344516550100370e-01,4.950536806478129104e-01,4.832644476249789989e-01,2.018643441543387651e-01,4.926832764287996103e-01,4.878510427534613614e-01,4.719841237286259150e-01,4.682636083671705696e-01,4.337914895557554718e-01,2.230563190077090308e-01,4.954775939494337478e-01,2.123756165890656189e-01,4.969791996739459927e-01,4.541668761711092905e-01,4.919040630236831135e-01
4.957241914199880251e-01,4.988063967929360354e-01,4.964165054329601201e-01,4.967587956628889412e-01,1.932735359502485983e-01,4.861010934133717099e-01,2.160761440213878892e-01,4.986870680484427054e-01,4.986129234028421342e-01,4.805967953353187938e-01,4.983126820250287081e-01,4.936038927708030766e-01,4.948095004944258468e-01,2.175111937980878651e-01,4.979384022425885070e-01,2.527310958696985521e-01,4.749410449378206334e-01,4.941413805779734103e-01,2.149423233851708304e-01,4.353920370581266241e-01,4.882138022518272558e-01,4.902841947663020838e-01,2.183289274897651788e-01,2.178293723274974669e-01,4.901669649057980305e-01,4.881027770147982614e-01,2.109321462967958249e-01,4.914806586794696619e-01,4.973865598307586899e-01,4.982019017676352912e-01,4.910404744907280183e-01,4.981516121913808215e-01,4.919832840826630638e-01,4.760594953534885709e-01,2.090008248225886101e-01,4.683736048363281168e-01,4.973783528413383004e-01,4.902158983717681551e-01,2.439457051488456707e-01,4.957023416080244549e-01,4.949209929053393076e-01,4.927041219774475067e-01,4.712335810954191295e-01,4.741060487836060156e-01,2.539470482707991694e-01,4.952333521081749845e-01,2.248029755329565005e-01,4.961854586167686043e-01,4.828544719705949451e-01,4.971396380880310217e-01
4.973745133600253610e-01,4.995067108515453547e-01,4.990507673613727713e-01,4.949551250020068904e-01,3.646897046148475652e-01,4.905860385900073228e-01,4.148689713127517442e-01,4.994588168373249593e-01,4.993442777383007014e-01,4.967055845957444871e-01,4.994892127457876696e-01,4.918481311665734990e-01,4.985000455684339693e-01,4.170252325456212938e-01,4.988604001795013398e-01,4.732049667358799727e-01,4.619915898746643768e-01,4.968284705633796983e-01,4.168504842044539194e-01,4.362681758320597902e-01,4.976468525433724865e-01,4.991796008259720696e-01,4.177637738302039661e-01,4.173347354003371090e-01,4.962247664778721146e-01,4.980502765968995438e-01,4.119011811784476507e-01,4.981336455016074916e-01,4.983893102087508797e-01,4.961395036930051350e-01,4.970881854630210817e-01,4.994366063779773213e-01,4.980106744339091174e-01,4.942161596458679584e-01,3.974715494843428232e-01,4.605472688282363780e-01,4.993171939656931846e-01,4.970113034576318367e-01,4.730817932610962284e-01,4.990153409102866533e-01,4.987448885585116232e-01,4.849501527114036814e-01,4.911365153927059191e-01,4.961326044067395635e-01,4.756938854639069514e-01,4.974545844141663453e-01,4.047434530482215131e-01,4.979395784341976716e-01,4.976288640985271350e-01,4.987157179165530030e-01
4.995609105808455075e-01,4.998930848000637805e-01,4.998664943803443061e-01,4.975044234776435093e-01,4.731524778040643864e-01,4.972718980790186150e-01,4.944334515280692233e-01,4.999192985569116954e-01,4.994547017142798029e-01,4.964358941412752024e-01,4.999112198513701033e-01,4.973886353615453171e-01,4.997980910046383451e-01,4.949392081622817074e-01,4.997893054061077756e-01,4.961909830029631596e-01,4.877667000946558362e-01,4.994288387299050669e-01,4.952222326003467567e-01,4.779563575699773970e-01,4.962754104788393850e-01,4.999575862690578965e-01,4.951258151746692482e-01,4.948892869493238811e-01,4.987605195307384665e-01,4.994963484408493914e-01,4.921940524019136065e-01,4.998608604305191383e-01,4.961341650810429105e-01,4.979837551510571947e-01,4.997335129563883482e-01,4.999429313198406888e-01,4.998386748114252431e-01,4.995297077399458163e-01,4.727961638883697026e-01,4.877904200181707450e-01,4.998812452554227681e-01,4.995436567182358067e-01,4.995238589184298750e-01,4.999114753357071228e-01,4.997295902193397144e-01,4.853907754185158852e-01,4.993905165460502671e-01,4.996298431484055280e-01,4.997757527759280616e-01,4.994431001258887726e-01,4.641136569875667917e-01,4.996542628188937463e-01,4.994554847408562148e-01,4.995185617769538067e-01
4.999989300321113772e-01,4.999911662016975344e-01,4.999928210437622478e-01,4.997519674294320091e-01,4.993959099810009739e-01,4.999659153446530113e-01,4.997988261392644627e-01,4.999898544280073076e-01,4.996544865098677679e-01,4.997956944052970307e-01,4.999592233844789568e-01,4.997569914170887917e-01,4.999900632792589894e-01,4.999690283333171892e-01,4.999931043668101593e-01,4.987443818866167944e-01,4.999920477130041507e-01,4.999704109763089543e-01,4.999896156993253182e-01,4.995932503085301901e-01,4.999561039074362223e-01,4.999946771011942181e-01,4.999873572707622671e-01,4.999363709538743317e-01,4.993864876140215459e-01,4.997811237112997906e-01,4.975702464947320269e-01,4.999763276876090234e-01,4.996897298049041147e-01,4.999820944343592588e-01,4.999959078736320728e-01,4.999979578724618734e-01,4.999898490475749302e-01,4.999976292968719704e-01,4.794691118548838338e-01,4.999953097069989583e-01,4.999278551654531833e-01,4.999840369195003853e-01,4.996762559495455114e-01,4.999712950757711494e-01,4.999405987113534899e-01,4.999807136045098521e-01,4.999953334871582999e-01,4.999075477934548095e-01,4.999720704971675755e-01,4.998526352720225052e-01,4.994676028687151659e-01,4.999971534378046534e-01,4.999120386431686325e-01,4.997187413365534181e-01
4.999611350054927739e-01,4.998376821253292523e-01,4.997653210586135986e-01,4.981365746926934013e-01,4.920266760235016412e-01,4.984083682251390091e-01,4.994520659101712723e-01,4.999613646150578017e-01,4.990210079524686759e-01,4.754844196795965927e-01,4.998277165049090365e-01,4.994448702492499392e-01,4.991357964241636691e-01,4.993429922895996631e-01,4.997920676043884902e-01,4.418159817816003088e-01,4.983145593521101646e-01,4.999119758268317781e-01,4.997626394798777572e-01,4.924060874530526988e-01,4.753969334978124794e-01,4.993212514559927651e-01,4.997087945133844022e-01,4.991902360751330758e-01,4.985994712002219109e-01,4.984103316369218883e-01,4.970735925016936951e-01,4.984312373350050507e-01,4.757209512975354437e-01,4.992579777246546890e-01,4.998538137060651865e-01,4.999705115811730050e-01,4.998562773411810434e-01,4.993085232936239071e-01,4.781955431958069269e-01,4.984680986698706295e-01,4.997449711228488800e-01,4.998092855094401488e-01,4.653926265863712608e-01,4.998929520210497190e-01,4.988149957304671145e-01,4.824282472396000943e-01,4.999610195180281824e-01,4.985901454261860710e-01,4.663740254336904978e-01,4.996677747609837295e-01,4.448057030592132421e-01,4.999205221362024165e-01,4.984290672354832474e-01,4.987337391509221174e-01
4.997371601997168122e-01,4.993941531128425204e-01,4.987315113538249300e-01,4.934097467608554721e-01,4.779301717242027125e-01,4.914571233309186771e-01,4.840515348296061671e-01,4.997066536140692405e-01,4.972505485233542077e-01,4.628446894206413309e-01,4.991687508382278149e-01,4.994237715663568111e-01,4.942567147369436031e-01,4.839554465109226489e-01,4.987995039959441934e-01,3.022987757365418471e-01,4.989859871351207121e-01,4.993875118145786329e-01,4.824248467432522003e-01,4.919805865492407615e-01,4.623033335200392169e-01,4.906737827843490329e-01,4.842931042547697351e-01,4.832830304583812242e-01,4.954492198779043011e-01,4.883691805218732251e-01,4.804957451609190300e-01,4.889222581129794021e-01,4.699078858727587238e-01,4.991706351330796876e-01,4.990457522797199230e-01,4.997088650548605071e-01,4.981788516158781044e-01,4.901082512078048237e-01,4.636187296308783568e-01,4.983203690953436626e-01,4.985410992068416980e-01,4.970238261274744773e-01,3.119291546551255512e-01,4.989357413310660516e-01,4.930397669623010071e-01,4.742071932796225187e-01,4.981132093992288734e-01,4.807687780228701024e-01,3.190058687877794230e-01,4.986916342950357128e-01,3.040409489911660157e-01,4.995853543516946549e-01,4.864041866645284484e-01,4.929571101542919997e-01
4.992348411339538883e-01,4.989121356190519552e-01,4.962917916094446991e-01,4.886408263895655191e-01,3.602417751294556547e-01,4.796748099522476494e-01,3.615050156428321060e-01,4.990719033285148654e-01,4.958325316490541090e-01,4.651221091190878010e-01,4.980944231101712694e-01,4.988246709644291177e-01,4.882449880867633096e-01,3.620804089978732487e-01,4.976720553366887345e-01,3.965756278421780912e-01,4.972643629151015099e-01,4.975225373699321829e-01,3.542167992246765817e-01,4.888278685442170590e-01,4.674136953431596297e-01,4.696647439598263807e-01,3.613234051181828943e-01,3.608619026128005447e-01,4.890361567294470024e-01,4.676056862111587775e-01,3.533588840283196642e-01,4.768704142719796812e-01,4.951155039322595597e-01,4.979466728699534217e-01,4.970931391459796345e-01,4.987240525566294935e-01,4.921541623041515434e-01,4.709734997155952119e-01,3.464789715195426556e-01,4.919120396664239947e-01,4.959747826999240106e-01,4.881777722887430393e-01,3.707997365046181715e-01,4.956185439408961613e-01,4.860928636547305892e-01,4.835170321738552768e-01,4.852001507534489111e-01,4.369413576398574750e-01,4.015751739145594357e-01,4.969654348298390700e-01,4.000067842528581830e-01,4.987584870026100514e-01,4.578746415408112003e-01,4.868691550117282829e-01
4.978268225613495246e-01,4.985811757523292420e-01,4.941911057494555726e-01,4.935074213745430094e-01,1.599326933605400847e-01,4.789616727115049710e-01,1.639573700714331561e-01,4.985311282334090044e-01,4.962879001796478562e-01,4.414067422709052613e-01,4.975529200232804428e-01,4.981438794988355956e-01,4.895171350159300827e-01,1.643839366828535042e-01,4.977330402525867448e-01,4.420632470539112013e-01,4.969959038038429533e-01,4.950285843077877335e-01,1.593978174627605493e-01,4.681150058062460984e-01,4.498048313824378752e-01,4.639738750182216265e-01,1.643718150701508063e-01,1.639760425221000462e-01,4.847052765082779935e-01,4.622685676945102462e-01,1.569197210724453673e-01,4.809377634427162151e-01,4.828396771708116098e-01,4.978675886765363545e-01,4.933900425939097278e-01,4.975626546382136417e-01,4.877401088129317830e-01,4.754767976359121628e-01,1.577510806199498850e-01,4.876237310030955285e-01,4.951168615314604504e-01,4.832556597026654299e-01,4.133661416408412337e-01,4.926934664766436933e-01,4.880938236410460318e-01,4.718873378344169978e-01,4.665438091772285412e-01,4.232429813939882490e-01,4.615769320881693005e-01,4.955982185077216773e-01,4.364107611126541997e-01,4.972716677472950875e-01,4.485395570841666513e-01,4.912351905298874000e-01
4.958175798470217943e-01,4.986247474258968526e-01,4.958787141251830288e-01,4.951326297220938755e-01,2.159986921367593182e-01,4.867163110256113590e-01,2.246267556948792765e-01,4.987081775609267797e-01,4.977945359838187867e-01,4.768575536077978017e-01,4.981541830169761709e-01,4.933037606477333470e-01,4.943674189780805639e-01,2.256084833333479867e-01,4.980019946816975351e-01,4.394923062606005404e-01,4.748491449158839250e-01,4.942620621087513988e-01,2.239095666627957670e-01,4.652768499734030172e-01,4.858415983847108044e-01,4.883458577795949940e-01,2.269831534283393293e-01,2.259425857980468799e-01,4.892191379136298646e-01,4.851460826929137049e-01,2.170543337488940183e-01,4.938781377162674291e-01,4.967912146717064492e-01,4.961835447914285657e-01,4.904854747951113425e-01,4.980130928744322949e-01,4.937733994363063261e-01,4.949323423501328922e-01,2.159466601909845185e-01,4.702163548946183824e-01,4.975418302407274562e-01,4.915910874102810690e-01,4.198815733905988390e-01,4.953273172331336127e-01,4.948147378808666619e-01,4.776061691494038475e-01,4.740657593239868683e-01,4.722917082410161282e-01,4.427609969596343342e-01,4.952274606678249147e-01,4.105792868098989690e-01,4.960790112512956651e-01,4.811880960209364844e-01,4.975306600466006257e-01
4.965704665750929059e-01,4.990390881034729165e-01,4.987489317018102275e-01,4.847317647610802638e-01,4.622202873510149468e-01,4.836375064612106756e-01,4.698271932293893727e-01,4.992511945820156116e-01,4.977916720947381246e-01,4.379547850989680691e-01,4.988662857628793357e-01,4.892373772020677247e-01,4.933116734627925326e-01,4.725037633798792602e-01,4.976498167401338102e-01,4.226966615020107398e-01,4.493763781750866326e-01,4.962728153678895859e-01,4.742501716660748046e-01,4.892963521174328312e-01,4.385573723190686057e-01,4.982226347730833727e-01,4.740346749228881440e-01,4.729748280710850405e-01,4.947521267937826095e-01,4.948993356627496287e-01,4.670801026805836975e-01,4.896283891201839711e-01,4.391505129472421665e-01,4.916596369707093017e-01,4.930217471824931974e-01,4.994314816315666983e-01,4.989648615269214882e-01,4.835320248432365409e-01,4.463030663997970549e-01,4.490464235750026289e-01,4.986274586252550933e-01,4.971016458071942368e-01,4.759435726265276445e-01,4.991874501380918483e-01,4.931390905408358782e-01,4.926805181744790540e-01,4.963341014931291761e-01,4.953096132024339959e-01,4.797996155106589722e-01,4.961819394084827084e-01,4.709813667698655171e-01,4.972021936527314390e-01,4.965558257497907912e-01,4.926231518852680624e-01
4.990819141707616979e-01,4.990926875084490955e-01,4.972639106480246651e-01,4.854913899978636205e-01,3.999829715101657079e-01,4.774374212427715536e-01,4.006382620648715753e-01,4.991862597322593853e-01,4.962487292544439654e-01,4.263266702923728668e-01,4.984453376719801820e-01,4.951807551035497523e-01,4.897276702281455063e-01,4.019962202311821997e-01,4.976119986038695653e-01,3.290024938056895221e-01,4.758815180794820909e-01,4.975309321636769977e-01,3.938545460981968116e-01,4.943857188369473188e-01,4.259526598269128272e-01,4.738968977834253637e-01,4.006333827093100930e-01,4.005752514689812083e-01,4.905502810600444463e-01,4.723815375929598659e-01,3.959649453832952415e-01,4.778285841376036513e-01,4.475349581845530222e-01,4.948156313578996324e-01,4.976078455640449150e-01,4.991000366420773049e-01,4.924091314385150575e-01,4.728371659993585441e-01,3.814894142419257284e-01,4.708751998926749005e-01,4.963119114788839270e-01,4.887816329278641403e-01,3.444705208114103856e-01,4.967247318872829442e-01,4.873774344104153111e-01,4.701820548516183473e-01,4.874286946290254385e-01,4.445033930920305743e-01,3.658115143462060126e-01,4.970346177319213687e-01,3.533641791459740666e-01,4.988456571649119153e-01,4.629764008881583348e-01,4.872896834015096879e-01
